pair,session_name,session_start_utc,session_end_utc,managed_close_start_utc,policy_id,policy_source,risk_mode,account_equity,trade_count,gross_lots,realized_pnl,max_drawdown,max_adverse_excursion,max_open_legs,exit_reason,bars_processed,entered_managed_close,gated_by_event_risk,gated_by_entry_intent,derived_entry_direction
EURJPY,asia,2026-03-01T23:00:00.000000+0000,2026-03-02T03:00:00.000000+0000,2026-03-02T03:00:00.000000+0000,both_sides_normal,live_policy,medium,10000.0,3,0.256,-13.77404,34.8192,32.69564,3,session_close,239,false,false,false,
GBPJPY,asia,2026-03-01T23:00:00.000000+0000,2026-03-02T03:00:00.000000+0000,2026-03-02T03:00:00.000000+0000,session_optimizer_new_york_gbpjpy_medium,live_policy,medium,10000.0,4,0.327272,11.235246,19.333525,19.333525,4,basket_tp_pips,7,false,false,false,
GBPUSD,asia,2026-03-01T23:00:00.000000+0000,2026-03-02T03:00:00.000000+0000,2026-03-02T03:00:00.000000+0000,session_optimizer_new_york_gbpusd_medium,live_policy,medium,10000.0,4,0.3322,16.653043,34.43622,31.70622,4,basket_tp_pips,24,false,false,false,
NZDUSD,asia,2026-03-01T23:00:00.000000+0000,2026-03-02T03:00:00.000000+0000,2026-03-02T03:00:00.000000+0000,session_optimizer_new_york_nzdusd_medium,live_policy,medium,10000.0,4,0.34481,-135.89758,145.233972,135.89758,4,drawdown_limit,131,false,false,false,
EURJPY,asia,2026-03-02T23:00:00.000000+0000,2026-03-03T03:00:00.000000+0000,2026-03-03T03:00:00.000000+0000,both_sides_normal,live_policy,medium,10000.0,0,0.0,0.0,0.0,0.0,0,event_risk_gated,0,false,true,false,
GBPJPY,asia,2026-03-02T23:00:00.000000+0000,2026-03-03T03:00:00.000000+0000,2026-03-03T03:00:00.000000+0000,session_optimizer_new_york_gbpjpy_medium,live_policy,medium,10000.0,0,0.0,0.0,0.0,0.0,0,event_risk_gated,0,false,true,false,
GBPUSD,asia,2026-03-02T23:00:00.000000+0000,2026-03-03T03:00:00.000000+0000,2026-03-03T03:00:00.000000+0000,session_optimizer_new_york_gbpusd_medium,live_policy,medium,10000.0,4,0.3322,16.653043,17.37918,17.37918,4,basket_tp_pips,101,false,false,false,
NZDUSD,asia,2026-03-02T23:00:00.000000+0000,2026-03-03T03:00:00.000000+0000,2026-03-03T03:00:00.000000+0000,session_optimizer_new_york_nzdusd_medium,live_policy,medium,10000.0,3,0.2522,19.6716,17.38464,17.38464,3,basket_tp_pips,74,false,false,false,
EURJPY,asia,2026-03-03T23:00:00.000000+0000,2026-03-04T03:00:00.000000+0000,2026-03-04T03:00:00.000000+0000,both_sides_normal,live_policy,medium,10000.0,3,0.256,-42.021818,41.5584,41.5584,3,basket_sl_pips,51,false,false,false,
GBPJPY,asia,2026-03-03T23:00:00.000000+0000,2026-03-04T03:00:00.000000+0000,2026-03-04T03:00:00.000000+0000,session_optimizer_new_york_gbpjpy_medium,live_policy,medium,10000.0,4,0.327272,11.235246,38.807186,38.807186,4,basket_tp_pips,71,false,false,false,
GBPUSD,asia,2026-03-03T23:00:00.000000+0000,2026-03-04T03:00:00.000000+0000,2026-03-04T03:00:00.000000+0000,session_optimizer_new_york_gbpusd_medium,live_policy,medium,10000.0,4,0.328,6.552,0.0,0.0,4,session_close,240,false,false,false,
NZDUSD,asia,2026-03-03T23:00:00.000000+0000,2026-03-04T03:00:00.000000+0000,2026-03-04T03:00:00.000000+0000,session_optimizer_new_york_nzdusd_medium,live_policy,medium,10000.0,4,0.34481,26.89518,45.350474,45.350474,4,basket_tp_pips,63,false,false,false,
EURJPY,asia,2026-03-04T23:00:00.000000+0000,2026-03-05T03:00:00.000000+0000,2026-03-05T03:00:00.000000+0000,both_sides_normal,live_policy,medium,10000.0,0,0.0,0.0,0.0,0.0,0,event_risk_gated,0,false,true,false,
GBPJPY,asia,2026-03-04T23:00:00.000000+0000,2026-03-05T03:00:00.000000+0000,2026-03-05T03:00:00.000000+0000,session_optimizer_new_york_gbpjpy_medium,live_policy,medium,10000.0,0,0.0,0.0,0.0,0.0,0,event_risk_gated,0,false,true,false,
GBPUSD,asia,2026-03-04T23:00:00.000000+0000,2026-03-05T03:00:00.000000+0000,2026-03-05T03:00:00.000000+0000,session_optimizer_new_york_gbpusd_medium,live_policy,medium,10000.0,4,0.3322,16.653043,14.469,14.469,4,basket_tp_pips,81,false,false,false,
NZDUSD,asia,2026-03-04T23:00:00.000000+0000,2026-03-05T03:00:00.000000+0000,2026-03-05T03:00:00.000000+0000,session_optimizer_new_york_nzdusd_medium,live_policy,medium,10000.0,2,0.164,12.792,5.0388,5.0388,2,basket_tp_pips,37,false,false,false,
EURJPY,asia,2026-03-05T23:00:00.000000+0000,2026-03-06T03:00:00.000000+0000,2026-03-06T03:00:00.000000+0000,both_sides_normal,live_policy,medium,10000.0,3,0.256,-24.624,31.3632,31.3632,3,session_close,240,false,false,false,
GBPJPY,asia,2026-03-05T23:00:00.000000+0000,2026-03-06T03:00:00.000000+0000,2026-03-06T03:00:00.000000+0000,session_optimizer_new_york_gbpjpy_medium,live_policy,medium,10000.0,4,0.327272,11.235246,18.483638,18.483638,4,basket_tp_pips,5,false,false,false,
GBPUSD,asia,2026-03-05T23:00:00.000000+0000,2026-03-06T03:00:00.000000+0000,2026-03-06T03:00:00.000000+0000,session_optimizer_new_york_gbpusd_medium,live_policy,medium,10000.0,4,0.3322,-39.76518,53.19678,53.19678,4,session_close,240,false,false,false,
NZDUSD,asia,2026-03-05T23:00:00.000000+0000,2026-03-06T03:00:00.000000+0000,2026-03-06T03:00:00.000000+0000,session_optimizer_new_york_nzdusd_medium,live_policy,medium,10000.0,4,0.34481,-53.867281,82.10722,82.10722,4,session_close,240,false,false,false,
EURJPY,asia,2026-03-06T23:00:00.000000+0000,2026-03-07T03:00:00.000000+0000,2026-03-07T03:00:00.000000+0000,both_sides_normal,live_policy,medium,10000.0,0,0.0,0.0,0.0,0.0,0,no_bars,0,false,false,false,
GBPJPY,asia,2026-03-06T23:00:00.000000+0000,2026-03-07T03:00:00.000000+0000,2026-03-07T03:00:00.000000+0000,session_optimizer_new_york_gbpjpy_medium,live_policy,medium,10000.0,0,0.0,0.0,0.0,0.0,0,no_bars,0,false,false,false,
GBPUSD,asia,2026-03-06T23:00:00.000000+0000,2026-03-07T03:00:00.000000+0000,2026-03-07T03:00:00.000000+0000,session_optimizer_new_york_gbpusd_medium,live_policy,medium,10000.0,0,0.0,0.0,0.0,0.0,0,no_bars,0,false,false,false,
NZDUSD,asia,2026-03-06T23:00:00.000000+0000,2026-03-07T03:00:00.000000+0000,2026-03-07T03:00:00.000000+0000,session_optimizer_new_york_nzdusd_medium,live_policy,medium,10000.0,0,0.0,0.0,0.0,0.0,0,no_bars,0,false,false,false,
EURJPY,asia,2026-03-07T23:00:00.000000+0000,2026-03-08T03:00:00.000000+0000,2026-03-08T03:00:00.000000+0000,both_sides_normal,live_policy,medium,10000.0,0,0.0,0.0,0.0,0.0,0,no_bars,0,false,false,false,
GBPJPY,asia,2026-03-07T23:00:00.000000+0000,2026-03-08T03:00:00.000000+0000,2026-03-08T03:00:00.000000+0000,session_optimizer_new_york_gbpjpy_medium,live_policy,medium,10000.0,0,0.0,0.0,0.0,0.0,0,no_bars,0,false,false,false,
GBPUSD,asia,2026-03-07T23:00:00.000000+0000,2026-03-08T03:00:00.000000+0000,2026-03-08T03:00:00.000000+0000,session_optimizer_new_york_gbpusd_medium,live_policy,medium,10000.0,0,0.0,0.0,0.0,0.0,0,no_bars,0,false,false,false,
NZDUSD,asia,2026-03-07T23:00:00.000000+0000,2026-03-08T03:00:00.000000+0000,2026-03-08T03:00:00.000000+0000,session_optimizer_new_york_nzdusd_medium,live_policy,medium,10000.0,0,0.0,0.0,0.0,0.0,0,no_bars,0,false,false,false,
EURJPY,asia,2026-03-08T22:00:00.000000+0000,2026-03-09T03:00:00.000000+0000,2026-03-09T03:00:00.000000+0000,both_sides_normal,live_policy,medium,10000.0,3,0.256,6.362182,0.232455,0.232455,3,basket_tp_pips,3,false,false,false,
GBPJPY,asia,2026-03-08T22:00:00.000000+0000,2026-03-09T03:00:00.000000+0000,2026-03-09T03:00:00.000000+0000,session_optimizer_new_york_gbpjpy_medium,live_policy,medium,10000.0,4,0.327272,11.235246,19.537452,19.537452,4,basket_tp_pips,10,false,false,false,
GBPUSD,asia,2026-03-08T22:00:00.000000+0000,2026-03-09T03:00:00.000000+0000,2026-03-09T03:00:00.000000+0000,session_optimizer_new_york_gbpusd_medium,live_policy,medium,10000.0,4,0.3322,-108.708557,106.92318,106.92318,4,basket_sl_pips,178,false,false,false,
NZDUSD,asia,2026-03-08T22:00:00.000000+0000,2026-03-09T03:00:00.000000+0000,2026-03-09T03:00:00.000000+0000,session_optimizer_new_york_nzdusd_medium,live_policy,medium,10000.0,1,0.08,6.24,2.6,2.6,1,basket_tp_pips,5,false,false,false,
EURJPY,asia,2026-03-09T22:00:00.000000+0000,2026-03-10T03:00:00.000000+0000,2026-03-10T03:00:00.000000+0000,both_sides_normal,live_policy,medium,10000.0,3,0.256,6.362182,0.0,0.0,3,basket_tp_pips,3,false,false,false,
GBPJPY,asia,2026-03-09T22:00:00.000000+0000,2026-03-10T03:00:00.000000+0000,2026-03-10T03:00:00.000000+0000,session_optimizer_new_york_gbpjpy_medium,live_policy,medium,10000.0,4,0.327272,11.235246,0.0,0.0,4,basket_tp_pips,2,false,false,false,
GBPUSD,asia,2026-03-09T22:00:00.000000+0000,2026-03-10T03:00:00.000000+0000,2026-03-10T03:00:00.000000+0000,session_optimizer_new_york_gbpusd_medium,live_policy,medium,10000.0,4,0.3322,16.653043,4.17144,4.17144,4,basket_tp_pips,4,false,false,false,
NZDUSD,asia,2026-03-09T22:00:00.000000+0000,2026-03-10T03:00:00.000000+0000,2026-03-10T03:00:00.000000+0000,session_optimizer_new_york_nzdusd_medium,live_policy,medium,10000.0,3,0.2522,19.6716,16.0732,16.0732,3,basket_tp_pips,25,false,false,false,
EURJPY,asia,2026-03-10T22:00:00.000000+0000,2026-03-11T03:00:00.000000+0000,2026-03-11T03:00:00.000000+0000,both_sides_normal,live_policy,medium,10000.0,3,0.256,-42.021818,45.0144,41.5584,3,basket_sl_pips,235,false,false,false,
GBPJPY,asia,2026-03-10T22:00:00.000000+0000,2026-03-11T03:00:00.000000+0000,2026-03-11T03:00:00.000000+0000,session_optimizer_new_york_gbpjpy_medium,live_policy,medium,10000.0,4,0.327272,11.235246,10.956398,10.956398,4,basket_tp_pips,52,false,false,false,
GBPUSD,asia,2026-03-10T22:00:00.000000+0000,2026-03-11T03:00:00.000000+0000,2026-03-11T03:00:00.000000+0000,session_optimizer_new_york_gbpusd_medium,live_policy,medium,10000.0,4,0.328,6.552,0.546,0.546,4,session_close,300,false,false,false,
NZDUSD,asia,2026-03-10T22:00:00.000000+0000,2026-03-11T03:00:00.000000+0000,2026-03-11T03:00:00.000000+0000,session_optimizer_new_york_nzdusd_medium,live_policy,medium,10000.0,3,0.2522,19.6716,9.516,9.516,3,basket_tp_pips,34,false,false,false,
EURJPY,asia,2026-03-11T22:00:00.000000+0000,2026-03-12T03:00:00.000000+0000,2026-03-12T03:00:00.000000+0000,both_sides_normal,live_policy,medium,10000.0,3,0.256,6.362182,0.0,0.0,3,basket_tp_pips,2,false,false,false,
GBPJPY,asia,2026-03-11T22:00:00.000000+0000,2026-03-12T03:00:00.000000+0000,2026-03-12T03:00:00.000000+0000,session_optimizer_new_york_gbpjpy_medium,live_policy,medium,10000.0,4,0.327272,11.235246,31.129402,31.129402,4,basket_tp_pips,52,false,false,false,
GBPUSD,asia,2026-03-11T22:00:00.000000+0000,2026-03-12T03:00:00.000000+0000,2026-03-12T03:00:00.000000+0000,session_optimizer_new_york_gbpusd_medium,live_policy,medium,10000.0,4,0.3322,-85.20876,99.5358,99.5358,4,session_close,300,false,false,false,
NZDUSD,asia,2026-03-11T22:00:00.000000+0000,2026-03-12T03:00:00.000000+0000,2026-03-12T03:00:00.000000+0000,session_optimizer_new_york_nzdusd_medium,live_policy,medium,10000.0,1,0.08,6.24,2.184,2.184,1,basket_tp_pips,24,false,false,false,
EURJPY,asia,2026-03-12T22:00:00.000000+0000,2026-03-13T03:00:00.000000+0000,2026-03-13T03:00:00.000000+0000,both_sides_normal,live_policy,medium,10000.0,3,0.256,6.362182,0.0,0.0,3,basket_tp_pips,2,false,false,false,
GBPJPY,asia,2026-03-12T22:00:00.000000+0000,2026-03-13T03:00:00.000000+0000,2026-03-13T03:00:00.000000+0000,session_optimizer_new_york_gbpjpy_medium,live_policy,medium,10000.0,4,0.327272,11.235246,24.053796,24.053796,4,basket_tp_pips,5,false,false,false,
GBPUSD,asia,2026-03-12T22:00:00.000000+0000,2026-03-13T03:00:00.000000+0000,2026-03-13T03:00:00.000000+0000,session_optimizer_new_york_gbpusd_medium,live_policy,medium,10000.0,4,0.3322,16.653043,8.9544,4.84302,4,basket_tp_pips,29,false,false,false,
NZDUSD,asia,2026-03-12T22:00:00.000000+0000,2026-03-13T03:00:00.000000+0000,2026-03-13T03:00:00.000000+0000,session_optimizer_new_york_nzdusd_medium,live_policy,medium,10000.0,4,0.34481,26.89518,43.032288,40.419691,4,basket_tp_pips,259,false,false,false,
EURJPY,asia,2026-03-13T22:00:00.000000+0000,2026-03-14T03:00:00.000000+0000,2026-03-14T03:00:00.000000+0000,both_sides_normal,live_policy,medium,10000.0,0,0.0,0.0,0.0,0.0,0,no_bars,0,false,false,false,
GBPJPY,asia,2026-03-13T22:00:00.000000+0000,2026-03-14T03:00:00.000000+0000,2026-03-14T03:00:00.000000+0000,session_optimizer_new_york_gbpjpy_medium,live_policy,medium,10000.0,0,0.0,0.0,0.0,0.0,0,no_bars,0,false,false,false,
GBPUSD,asia,2026-03-13T22:00:00.000000+0000,2026-03-14T03:00:00.000000+0000,2026-03-14T03:00:00.000000+0000,session_optimizer_new_york_gbpusd_medium,live_policy,medium,10000.0,0,0.0,0.0,0.0,0.0,0,no_bars,0,false,false,false,
NZDUSD,asia,2026-03-13T22:00:00.000000+0000,2026-03-14T03:00:00.000000+0000,2026-03-14T03:00:00.000000+0000,session_optimizer_new_york_nzdusd_medium,live_policy,medium,10000.0,0,0.0,0.0,0.0,0.0,0,no_bars,0,false,false,false,
EURJPY,asia,2026-03-14T22:00:00.000000+0000,2026-03-15T03:00:00.000000+0000,2026-03-15T03:00:00.000000+0000,both_sides_normal,live_policy,medium,10000.0,0,0.0,0.0,0.0,0.0,0,no_bars,0,false,false,false,
GBPJPY,asia,2026-03-14T22:00:00.000000+0000,2026-03-15T03:00:00.000000+0000,2026-03-15T03:00:00.000000+0000,session_optimizer_new_york_gbpjpy_medium,live_policy,medium,10000.0,0,0.0,0.0,0.0,0.0,0,no_bars,0,false,false,false,
GBPUSD,asia,2026-03-14T22:00:00.000000+0000,2026-03-15T03:00:00.000000+0000,2026-03-15T03:00:00.000000+0000,session_optimizer_new_york_gbpusd_medium,live_policy,medium,10000.0,0,0.0,0.0,0.0,0.0,0,no_bars,0,false,false,false,
NZDUSD,asia,2026-03-14T22:00:00.000000+0000,2026-03-15T03:00:00.000000+0000,2026-03-15T03:00:00.000000+0000,session_optimizer_new_york_nzdusd_medium,live_policy,medium,10000.0,0,0.0,0.0,0.0,0.0,0,no_bars,0,false,false,false,
EURJPY,asia,2026-03-15T22:00:00.000000+0000,2026-03-16T03:00:00.000000+0000,2026-03-16T03:00:00.000000+0000,both_sides_normal,live_policy,medium,10000.0,3,0.256,6.362182,8.361041,8.361041,3,basket_tp_pips,29,false,false,false,
GBPJPY,asia,2026-03-15T22:00:00.000000+0000,2026-03-16T03:00:00.000000+0000,2026-03-16T03:00:00.000000+0000,session_optimizer_new_york_gbpjpy_medium,live_policy,medium,10000.0,4,0.327272,11.235246,13.365115,13.365115,4,basket_tp_pips,6,false,false,false,
GBPUSD,asia,2026-03-15T22:00:00.000000+0000,2026-03-16T03:00:00.000000+0000,2026-03-16T03:00:00.000000+0000,session_optimizer_new_york_gbpusd_medium,live_policy,medium,10000.0,4,0.3322,16.653043,27.31092,18.72234,4,basket_tp_pips,60,false,false,false,
NZDUSD,asia,2026-03-15T22:00:00.000000+0000,2026-03-16T03:00:00.000000+0000,2026-03-16T03:00:00.000000+0000,session_optimizer_new_york_nzdusd_medium,live_policy,medium,10000.0,1,0.08,6.24,0.0,0.0,1,basket_tp_pips,2,false,false,false,
EURJPY,asia,2026-03-16T22:00:00.000000+0000,2026-03-17T03:00:00.000000+0000,2026-03-17T03:00:00.000000+0000,both_sides_normal,live_policy,medium,10000.0,3,0.256,-22.2048,25.92,25.92,3,session_close,300,false,false,false,
GBPJPY,asia,2026-03-16T22:00:00.000000+0000,2026-03-17T03:00:00.000000+0000,2026-03-17T03:00:00.000000+0000,session_optimizer_new_york_gbpjpy_medium,live_policy,medium,10000.0,4,0.327272,11.235246,4.482972,4.482972,4,basket_tp_pips,5,false,false,false,
GBPUSD,asia,2026-03-16T22:00:00.000000+0000,2026-03-17T03:00:00.000000+0000,2026-03-17T03:00:00.000000+0000,session_optimizer_new_york_gbpusd_medium,live_policy,medium,10000.0,4,0.3322,-33.4971,59.241,59.241,4,session_close,300,false,false,false,
NZDUSD,asia,2026-03-16T22:00:00.000000+0000,2026-03-17T03:00:00.000000+0000,2026-03-17T03:00:00.000000+0000,session_optimizer_new_york_nzdusd_medium,live_policy,medium,10000.0,2,0.164,12.792,5.252,5.252,2,basket_tp_pips,37,false,false,false,
EURJPY,asia,2026-03-17T22:00:00.000000+0000,2026-03-18T03:00:00.000000+0000,2026-03-18T03:00:00.000000+0000,both_sides_normal,live_policy,medium,10000.0,3,0.256,6.362182,0.0,0.0,3,basket_tp_pips,2,false,false,false,
GBPJPY,asia,2026-03-17T22:00:00.000000+0000,2026-03-18T03:00:00.000000+0000,2026-03-18T03:00:00.000000+0000,session_optimizer_new_york_gbpjpy_medium,live_policy,medium,10000.0,4,0.327272,11.235246,17.58037,17.58037,4,basket_tp_pips,4,false,false,false,
GBPUSD,asia,2026-03-17T22:00:00.000000+0000,2026-03-18T03:00:00.000000+0000,2026-03-18T03:00:00.000000+0000,session_optimizer_new_york_gbpusd_medium,live_policy,medium,10000.0,4,0.328,6.552,1.3104,1.3104,4,session_close,300,false,false,false,
NZDUSD,asia,2026-03-17T22:00:00.000000+0000,2026-03-18T03:00:00.000000+0000,2026-03-18T03:00:00.000000+0000,session_optimizer_new_york_nzdusd_medium,live_policy,medium,10000.0,4,0.34481,7.991633,49.30783,45.798727,4,session_close,300,false,false,false,
EURJPY,asia,2026-03-18T22:00:00.000000+0000,2026-03-19T03:00:00.000000+0000,2026-03-19T03:00:00.000000+0000,both_sides_normal,live_policy,medium,10000.0,3,0.256,6.362182,9.072,9.072,3,basket_tp_pips,103,false,false,false,
GBPJPY,asia,2026-03-18T22:00:00.000000+0000,2026-03-19T03:00:00.000000+0000,2026-03-19T03:00:00.000000+0000,session_optimizer_new_york_gbpjpy_medium,live_policy,medium,10000.0,4,0.327272,11.235246,29.882545,29.882545,4,basket_tp_pips,127,false,false,false,
GBPUSD,asia,2026-03-18T22:00:00.000000+0000,2026-03-19T03:00:00.000000+0000,2026-03-19T03:00:00.000000+0000,session_optimizer_new_york_gbpusd_medium,live_policy,medium,10000.0,4,0.3322,16.653043,30.1392,30.1392,4,basket_tp_pips,125,false,false,false,
NZDUSD,asia,2026-03-18T22:00:00.000000+0000,2026-03-19T03:00:00.000000+0000,2026-03-19T03:00:00.000000+0000,session_optimizer_new_york_nzdusd_medium,live_policy,medium,10000.0,1,0.08,6.24,1.664,1.664,1,basket_tp_pips,4,false,false,false,
EURJPY,asia,2026-03-19T22:00:00.000000+0000,2026-03-20T03:00:00.000000+0000,2026-03-20T03:00:00.000000+0000,both_sides_normal,live_policy,medium,10000.0,3,0.256,6.362182,15.7248,15.7248,3,basket_tp_pips,193,false,false,false,
GBPJPY,asia,2026-03-19T22:00:00.000000+0000,2026-03-20T03:00:00.000000+0000,2026-03-20T03:00:00.000000+0000,session_optimizer_new_york_gbpjpy_medium,live_policy,medium,10000.0,0,0.0,0.0,0.0,0.0,0,event_risk_gated,0,false,true,false,
GBPUSD,asia,2026-03-19T22:00:00.000000+0000,2026-03-20T03:00:00.000000+0000,2026-03-20T03:00:00.000000+0000,session_optimizer_new_york_gbpusd_medium,live_policy,medium,10000.0,0,0.0,0.0,0.0,0.0,0,event_risk_gated,0,false,true,false,
NZDUSD,asia,2026-03-19T22:00:00.000000+0000,2026-03-20T03:00:00.000000+0000,2026-03-20T03:00:00.000000+0000,session_optimizer_new_york_nzdusd_medium,live_policy,medium,10000.0,3,0.2522,19.6716,17.05678,17.05678,3,basket_tp_pips,32,false,false,false,
EURJPY,asia,2026-03-20T22:00:00.000000+0000,2026-03-21T03:00:00.000000+0000,2026-03-21T03:00:00.000000+0000,both_sides_normal,live_policy,medium,10000.0,0,0.0,0.0,0.0,0.0,0,no_bars,0,false,false,false,
GBPJPY,asia,2026-03-20T22:00:00.000000+0000,2026-03-21T03:00:00.000000+0000,2026-03-21T03:00:00.000000+0000,session_optimizer_new_york_gbpjpy_medium,live_policy,medium,10000.0,0,0.0,0.0,0.0,0.0,0,no_bars,0,false,false,false,
GBPUSD,asia,2026-03-20T22:00:00.000000+0000,2026-03-21T03:00:00.000000+0000,2026-03-21T03:00:00.000000+0000,session_optimizer_new_york_gbpusd_medium,live_policy,medium,10000.0,0,0.0,0.0,0.0,0.0,0,no_bars,0,false,false,false,
NZDUSD,asia,2026-03-20T22:00:00.000000+0000,2026-03-21T03:00:00.000000+0000,2026-03-21T03:00:00.000000+0000,session_optimizer_new_york_nzdusd_medium,live_policy,medium,10000.0,0,0.0,0.0,0.0,0.0,0,no_bars,0,false,false,false,
EURJPY,asia,2026-03-21T22:00:00.000000+0000,2026-03-22T03:00:00.000000+0000,2026-03-22T03:00:00.000000+0000,both_sides_normal,live_policy,medium,10000.0,0,0.0,0.0,0.0,0.0,0,no_bars,0,false,false,false,
GBPJPY,asia,2026-03-21T22:00:00.000000+0000,2026-03-22T03:00:00.000000+0000,2026-03-22T03:00:00.000000+0000,session_optimizer_new_york_gbpjpy_medium,live_policy,medium,10000.0,0,0.0,0.0,0.0,0.0,0,no_bars,0,false,false,false,
GBPUSD,asia,2026-03-21T22:00:00.000000+0000,2026-03-22T03:00:00.000000+0000,2026-03-22T03:00:00.000000+0000,session_optimizer_new_york_gbpusd_medium,live_policy,medium,10000.0,0,0.0,0.0,0.0,0.0,0,no_bars,0,false,false,false,
NZDUSD,asia,2026-03-21T22:00:00.000000+0000,2026-03-22T03:00:00.000000+0000,2026-03-22T03:00:00.000000+0000,session_optimizer_new_york_nzdusd_medium,live_policy,medium,10000.0,0,0.0,0.0,0.0,0.0,0,no_bars,0,false,false,false,
EURJPY,asia,2026-03-22T22:00:00.000000+0000,2026-03-23T03:00:00.000000+0000,2026-03-23T03:00:00.000000+0000,both_sides_normal,live_policy,medium,10000.0,3,0.256,6.362182,12.217777,12.217777,3,basket_tp_pips,66,false,false,false,
GBPJPY,asia,2026-03-22T22:00:00.000000+0000,2026-03-23T03:00:00.000000+0000,2026-03-23T03:00:00.000000+0000,session_optimizer_new_york_gbpjpy_medium,live_policy,medium,10000.0,4,0.327272,11.235246,25.291526,23.088555,4,basket_tp_pips,125,false,false,false,
GBPUSD,asia,2026-03-22T22:00:00.000000+0000,2026-03-23T03:00:00.000000+0000,2026-03-23T03:00:00.000000+0000,session_optimizer_new_york_gbpusd_medium,live_policy,medium,10000.0,4,0.3322,16.653043,9.32022,9.32022,4,basket_tp_pips,17,false,false,false,
NZDUSD,asia,2026-03-22T22:00:00.000000+0000,2026-03-23T03:00:00.000000+0000,2026-03-23T03:00:00.000000+0000,session_optimizer_new_york_nzdusd_medium,live_policy,medium,10000.0,4,0.34481,26.89518,94.13313,85.244991,4,basket_tp_pips,273,false,false,false,
EURJPY,asia,2026-03-23T22:00:00.000000+0000,2026-03-24T03:00:00.000000+0000,2026-03-24T03:00:00.000000+0000,both_sides_normal,live_policy,medium,10000.0,3,0.256,-10.1088,29.376,29.376,3,session_close,298,false,false,false,
GBPJPY,asia,2026-03-23T22:00:00.000000+0000,2026-03-24T03:00:00.000000+0000,2026-03-24T03:00:00.000000+0000,session_optimizer_new_york_gbpjpy_medium,live_policy,medium,10000.0,4,0.327272,11.235246,18.065376,17.58037,4,basket_tp_pips,108,false,false,false,
GBPUSD,asia,2026-03-23T22:00:00.000000+0000,2026-03-24T03:00:00.000000+0000,2026-03-24T03:00:00.000000+0000,session_optimizer_new_york_gbpusd_medium,live_policy,medium,10000.0,4,0.3322,16.653043,4.3953,4.3953,4,basket_tp_pips,9,false,false,false,
NZDUSD,asia,2026-03-23T22:00:00.000000+0000,2026-03-24T03:00:00.000000+0000,2026-03-24T03:00:00.000000+0000,session_optimizer_new_york_nzdusd_medium,live_policy,medium,10000.0,4,0.34481,26.89518,57.453305,57.453305,4,basket_tp_pips,121,false,false,false,
EURJPY,asia,2026-03-24T22:00:00.000000+0000,2026-03-25T03:00:00.000000+0000,2026-03-25T03:00:00.000000+0000,both_sides_normal,live_policy,medium,10000.0,3,0.256,-14.6016,39.5712,39.5712,3,session_close,300,false,false,false,
GBPJPY,asia,2026-03-24T22:00:00.000000+0000,2026-03-25T03:00:00.000000+0000,2026-03-25T03:00:00.000000+0000,session_optimizer_new_york_gbpjpy_medium,live_policy,medium,10000.0,4,0.327272,11.235246,5.386241,5.386241,4,basket_tp_pips,3,false,false,false,
GBPUSD,asia,2026-03-24T22:00:00.000000+0000,2026-03-25T03:00:00.000000+0000,2026-03-25T03:00:00.000000+0000,session_optimizer_new_york_gbpusd_medium,live_policy,medium,10000.0,4,0.328,6.552,0.0,0.0,4,session_close,300,false,false,false,
NZDUSD,asia,2026-03-24T22:00:00.000000+0000,2026-03-25T03:00:00.000000+0000,2026-03-25T03:00:00.000000+0000,session_optimizer_new_york_nzdusd_medium,live_policy,medium,10000.0,4,0.34481,26.89518,33.019233,28.765113,4,basket_tp_pips,142,false,false,false,
EURJPY,asia,2026-03-25T22:00:00.000000+0000,2026-03-26T03:00:00.000000+0000,2026-03-26T03:00:00.000000+0000,both_sides_normal,live_policy,medium,10000.0,3,0.256,-12.2688,18.3168,18.3168,3,session_close,300,false,false,false,
GBPJPY,asia,2026-03-25T22:00:00.000000+0000,2026-03-26T03:00:00.000000+0000,2026-03-26T03:00:00.000000+0000,session_optimizer_new_york_gbpjpy_medium,live_policy,medium,10000.0,0,0.0,0.0,0.0,0.0,0,event_risk_gated,0,false,true,false,
GBPUSD,asia,2026-03-25T22:00:00.000000+0000,2026-03-26T03:00:00.000000+0000,2026-03-26T03:00:00.000000+0000,session_optimizer_new_york_gbpusd_medium,live_policy,medium,10000.0,0,0.0,0.0,0.0,0.0,0,event_risk_gated,0,false,true,false,
NZDUSD,asia,2026-03-25T22:00:00.000000+0000,2026-03-26T03:00:00.000000+0000,2026-03-26T03:00:00.000000+0000,session_optimizer_new_york_nzdusd_medium,live_policy,medium,10000.0,2,0.164,12.792,10.4468,8.0236,2,basket_tp_pips,161,false,false,false,
EURJPY,asia,2026-03-26T22:00:00.000000+0000,2026-03-27T03:00:00.000000+0000,2026-03-27T03:00:00.000000+0000,both_sides_normal,live_policy,medium,10000.0,3,0.256,6.362182,5.221392,3.8016,3,basket_tp_pips,127,false,false,false,
GBPJPY,asia,2026-03-26T22:00:00.000000+0000,2026-03-27T03:00:00.000000+0000,2026-03-27T03:00:00.000000+0000,session_optimizer_new_york_gbpjpy_medium,live_policy,medium,10000.0,4,0.327272,11.235246,0.0,0.0,4,basket_tp_pips,2,false,false,false,
GBPUSD,asia,2026-03-26T22:00:00.000000+0000,2026-03-27T03:00:00.000000+0000,2026-03-27T03:00:00.000000+0000,session_optimizer_new_york_gbpusd_medium,live_policy,medium,10000.0,4,0.328,6.552,1.5288,1.5288,4,session_close,300,false,false,false,
NZDUSD,asia,2026-03-26T22:00:00.000000+0000,2026-03-27T03:00:00.000000+0000,2026-03-27T03:00:00.000000+0000,session_optimizer_new_york_nzdusd_medium,live_policy,medium,10000.0,2,0.164,12.792,10.0204,7.1708,2,basket_tp_pips,118,false,false,false,
EURJPY,asia,2026-03-27T22:00:00.000000+0000,2026-03-28T03:00:00.000000+0000,2026-03-28T03:00:00.000000+0000,both_sides_normal,live_policy,medium,10000.0,0,0.0,0.0,0.0,0.0,0,no_bars,0,false,false,false,
GBPJPY,asia,2026-03-27T22:00:00.000000+0000,2026-03-28T03:00:00.000000+0000,2026-03-28T03:00:00.000000+0000,session_optimizer_new_york_gbpjpy_medium,live_policy,medium,10000.0,0,0.0,0.0,0.0,0.0,0,no_bars,0,false,false,false,
GBPUSD,asia,2026-03-27T22:00:00.000000+0000,2026-03-28T03:00:00.000000+0000,2026-03-28T03:00:00.000000+0000,session_optimizer_new_york_gbpusd_medium,live_policy,medium,10000.0,0,0.0,0.0,0.0,0.0,0,no_bars,0,false,false,false,
NZDUSD,asia,2026-03-27T22:00:00.000000+0000,2026-03-28T03:00:00.000000+0000,2026-03-28T03:00:00.000000+0000,session_optimizer_new_york_nzdusd_medium,live_policy,medium,10000.0,0,0.0,0.0,0.0,0.0,0,no_bars,0,false,false,false,
EURJPY,asia,2026-03-28T22:00:00.000000+0000,2026-03-29T03:00:00.000000+0000,2026-03-29T03:00:00.000000+0000,both_sides_normal,live_policy,medium,10000.0,0,0.0,0.0,0.0,0.0,0,no_bars,0,false,false,false,
GBPJPY,asia,2026-03-28T22:00:00.000000+0000,2026-03-29T03:00:00.000000+0000,2026-03-29T03:00:00.000000+0000,session_optimizer_new_york_gbpjpy_medium,live_policy,medium,10000.0,0,0.0,0.0,0.0,0.0,0,no_bars,0,false,false,false,
GBPUSD,asia,2026-03-28T22:00:00.000000+0000,2026-03-29T03:00:00.000000+0000,2026-03-29T03:00:00.000000+0000,session_optimizer_new_york_gbpusd_medium,live_policy,medium,10000.0,0,0.0,0.0,0.0,0.0,0,no_bars,0,false,false,false,
NZDUSD,asia,2026-03-28T22:00:00.000000+0000,2026-03-29T03:00:00.000000+0000,2026-03-29T03:00:00.000000+0000,session_optimizer_new_york_nzdusd_medium,live_policy,medium,10000.0,0,0.0,0.0,0.0,0.0,0,no_bars,0,false,false,false,
EURJPY,asia,2026-03-29T22:00:00.000000+0000,2026-03-30T03:00:00.000000+0000,2026-03-30T03:00:00.000000+0000,both_sides_normal,live_policy,medium,10000.0,3,0.256,6.362182,5.616,5.616,3,basket_tp_pips,10,false,false,false,
GBPJPY,asia,2026-03-29T22:00:00.000000+0000,2026-03-30T03:00:00.000000+0000,2026-03-30T03:00:00.000000+0000,session_optimizer_new_york_gbpjpy_medium,live_policy,medium,10000.0,4,0.327272,-73.069842,65.754706,65.754706,4,basket_sl_pips,121,false,false,false,
GBPUSD,asia,2026-03-29T22:00:00.000000+0000,2026-03-30T03:00:00.000000+0000,2026-03-30T03:00:00.000000+0000,session_optimizer_new_york_gbpusd_medium,live_policy,medium,10000.0,4,0.3322,16.653043,48.94344,48.94344,4,basket_tp_pips,292,false,false,false,
NZDUSD,asia,2026-03-29T22:00:00.000000+0000,2026-03-30T03:00:00.000000+0000,2026-03-30T03:00:00.000000+0000,session_optimizer_new_york_nzdusd_medium,live_policy,medium,10000.0,2,0.164,12.792,10.0984,7.8104,2,basket_tp_pips,43,false,false,false,
EURJPY,asia,2026-03-30T22:00:00.000000+0000,2026-03-31T03:00:00.000000+0000,2026-03-31T03:00:00.000000+0000,both_sides_normal,live_policy,medium,10000.0,3,0.256,-42.021818,41.5584,40.6944,3,basket_sl_pips,186,false,false,false,
GBPJPY,asia,2026-03-30T22:00:00.000000+0000,2026-03-31T03:00:00.000000+0000,2026-03-31T03:00:00.000000+0000,session_optimizer_new_york_gbpjpy_medium,live_policy,medium,10000.0,4,0.327272,11.235246,30.10896,27.817416,4,basket_tp_pips,162,false,false,false,
GBPUSD,asia,2026-03-30T22:00:00.000000+0000,2026-03-31T03:00:00.000000+0000,2026-03-31T03:00:00.000000+0000,session_optimizer_new_york_gbpusd_medium,live_policy,medium,10000.0,4,0.328,6.552,1.7472,1.638,4,session_close,300,false,false,false,
NZDUSD,asia,2026-03-30T22:00:00.000000+0000,2026-03-31T03:00:00.000000+0000,2026-03-31T03:00:00.000000+0000,session_optimizer_new_york_nzdusd_medium,live_policy,medium,10000.0,2,0.164,12.792,3.12,3.12,2,basket_tp_pips,61,false,false,false,
EURJPY,asia,2026-03-31T22:00:00.000000+0000,2026-04-01T03:00:00.000000+0000,2026-04-01T03:00:00.000000+0000,both_sides_normal,live_policy,medium,10000.0,3,0.256,6.362182,0.0,0.0,3,basket_tp_pips,2,false,false,false,
GBPJPY,asia,2026-03-31T22:00:00.000000+0000,2026-04-01T03:00:00.000000+0000,2026-04-01T03:00:00.000000+0000,session_optimizer_new_york_gbpjpy_medium,live_policy,medium,10000.0,4,0.327272,11.235246,0.0,0.0,4,basket_tp_pips,2,false,false,false,
GBPUSD,asia,2026-03-31T22:00:00.000000+0000,2026-04-01T03:00:00.000000+0000,2026-04-01T03:00:00.000000+0000,session_optimizer_new_york_gbpusd_medium,live_policy,medium,10000.0,4,0.3322,16.653043,9.9918,9.9918,4,basket_tp_pips,9,false,false,false,
NZDUSD,asia,2026-03-31T22:00:00.000000+0000,2026-04-01T03:00:00.000000+0000,2026-04-01T03:00:00.000000+0000,session_optimizer_new_york_nzdusd_medium,live_policy,medium,10000.0,4,0.34481,-24.730836,36.201178,31.006378,4,session_close,120,false,false,false,
