pair,session_name,session_start_utc,session_end_utc,managed_close_start_utc,policy_id,policy_source,risk_mode,account_equity,trade_count,gross_lots,realized_pnl,max_drawdown,max_adverse_excursion,max_open_legs,exit_reason,bars_processed,entered_managed_close,gated_by_event_risk,gated_by_entry_intent,derived_entry_direction
EURJPY,asia,2026-03-01T23:00:00.000000+0000,2026-03-02T03:00:00.000000+0000,2026-03-02T03:00:00.000000+0000,both_sides_normal,live_policy,medium,10000.0,5,0.25472,19.45249,40.601405,35.250128,5,basket_tp_pips,88,false,false,false,
GBPJPY,asia,2026-03-01T23:00:00.000000+0000,2026-03-02T03:00:00.000000+0000,2026-03-02T03:00:00.000000+0000,session_optimizer_new_york_gbpjpy_medium,live_policy,medium,10000.0,5,0.204836,10.515234,6.262818,6.262818,5,basket_tp_pips,7,false,false,false,
GBPUSD,asia,2026-03-01T23:00:00.000000+0000,2026-03-02T03:00:00.000000+0000,2026-03-02T03:00:00.000000+0000,session_optimizer_new_york_gbpusd_medium,live_policy,medium,10000.0,5,0.212405,22.082803,11.196686,11.196686,5,basket_tp_pips,24,false,false,false,
NZDUSD,asia,2026-03-01T23:00:00.000000+0000,2026-03-02T03:00:00.000000+0000,2026-03-02T03:00:00.000000+0000,session_optimizer_new_york_nzdusd_medium,live_policy,medium,10000.0,5,0.221025,28.73325,43.14336,43.14336,5,basket_tp_pips,66,false,false,false,
EURJPY,asia,2026-03-02T23:00:00.000000+0000,2026-03-03T03:00:00.000000+0000,2026-03-03T03:00:00.000000+0000,both_sides_normal,live_policy,medium,10000.0,0,0.0,0.0,0.0,0.0,0,event_risk_gated,0,false,true,false,
GBPJPY,asia,2026-03-02T23:00:00.000000+0000,2026-03-03T03:00:00.000000+0000,2026-03-03T03:00:00.000000+0000,session_optimizer_new_york_gbpjpy_medium,live_policy,medium,10000.0,0,0.0,0.0,0.0,0.0,0,event_risk_gated,0,false,true,false,
GBPUSD,asia,2026-03-02T23:00:00.000000+0000,2026-03-03T03:00:00.000000+0000,2026-03-03T03:00:00.000000+0000,session_optimizer_new_york_gbpusd_medium,live_policy,medium,10000.0,6,0.261025,30.07738,34.08249,23.14338,6,basket_tp_pips,183,false,false,false,
NZDUSD,asia,2026-03-02T23:00:00.000000+0000,2026-03-03T03:00:00.000000+0000,2026-03-03T03:00:00.000000+0000,session_optimizer_new_york_nzdusd_medium,live_policy,medium,10000.0,3,0.1261,16.393,17.16884,14.10604,3,basket_tp_pips,183,false,false,false,
EURJPY,asia,2026-03-03T23:00:00.000000+0000,2026-03-04T03:00:00.000000+0000,2026-03-04T03:00:00.000000+0000,both_sides_normal,live_policy,medium,10000.0,5,0.25472,19.45249,69.62112,69.62112,5,basket_tp_pips,110,false,false,false,
GBPJPY,asia,2026-03-03T23:00:00.000000+0000,2026-03-04T03:00:00.000000+0000,2026-03-04T03:00:00.000000+0000,session_optimizer_new_york_gbpjpy_medium,live_policy,medium,10000.0,8,0.339936,29.542857,23.549443,23.516071,8,basket_tp_pips,71,false,false,false,
GBPUSD,asia,2026-03-03T23:00:00.000000+0000,2026-03-04T03:00:00.000000+0000,2026-03-04T03:00:00.000000+0000,session_optimizer_new_york_gbpusd_medium,live_policy,medium,10000.0,8,0.354076,-3.416795,82.720066,71.616064,8,session_close,240,false,false,false,
NZDUSD,asia,2026-03-03T23:00:00.000000+0000,2026-03-04T03:00:00.000000+0000,2026-03-04T03:00:00.000000+0000,session_optimizer_new_york_nzdusd_medium,live_policy,medium,10000.0,3,0.1261,16.393,14.10604,14.10604,3,basket_tp_pips,100,false,false,false,
EURJPY,asia,2026-03-04T23:00:00.000000+0000,2026-03-05T03:00:00.000000+0000,2026-03-05T03:00:00.000000+0000,both_sides_normal,live_policy,medium,10000.0,0,0.0,0.0,0.0,0.0,0,event_risk_gated,0,false,true,false,
GBPJPY,asia,2026-03-04T23:00:00.000000+0000,2026-03-05T03:00:00.000000+0000,2026-03-05T03:00:00.000000+0000,session_optimizer_new_york_gbpjpy_medium,live_policy,medium,10000.0,0,0.0,0.0,0.0,0.0,0,event_risk_gated,0,false,true,false,
GBPUSD,asia,2026-03-04T23:00:00.000000+0000,2026-03-05T03:00:00.000000+0000,2026-03-05T03:00:00.000000+0000,session_optimizer_new_york_gbpusd_medium,live_policy,medium,10000.0,5,0.2081,15.612959,3.276,2.73,5,basket_tp_pips,163,false,false,false,
NZDUSD,asia,2026-03-04T23:00:00.000000+0000,2026-03-05T03:00:00.000000+0000,2026-03-05T03:00:00.000000+0000,session_optimizer_new_york_nzdusd_medium,live_policy,medium,10000.0,2,0.082,10.66,8.528,6.318,2,basket_tp_pips,165,false,false,false,
EURJPY,asia,2026-03-05T23:00:00.000000+0000,2026-03-06T03:00:00.000000+0000,2026-03-06T03:00:00.000000+0000,both_sides_normal,live_policy,medium,10000.0,5,0.25472,-29.52288,41.788224,41.788224,5,session_close,240,false,false,false,
GBPJPY,asia,2026-03-05T23:00:00.000000+0000,2026-03-06T03:00:00.000000+0000,2026-03-06T03:00:00.000000+0000,session_optimizer_new_york_gbpjpy_medium,live_policy,medium,10000.0,7,0.290981,21.002829,5.837875,5.837875,7,basket_tp_pips,62,false,false,false,
GBPUSD,asia,2026-03-05T23:00:00.000000+0000,2026-03-06T03:00:00.000000+0000,2026-03-06T03:00:00.000000+0000,session_optimizer_new_york_gbpusd_medium,live_policy,medium,10000.0,6,0.261025,-16.318738,32.759188,30.438688,6,session_close,240,false,false,false,
NZDUSD,asia,2026-03-05T23:00:00.000000+0000,2026-03-06T03:00:00.000000+0000,2026-03-06T03:00:00.000000+0000,session_optimizer_new_york_nzdusd_medium,live_policy,medium,10000.0,4,0.172405,-16.438155,30.558125,30.558125,4,session_close,240,false,false,false,
EURJPY,asia,2026-03-06T23:00:00.000000+0000,2026-03-07T03:00:00.000000+0000,2026-03-07T03:00:00.000000+0000,both_sides_normal,live_policy,medium,10000.0,0,0.0,0.0,0.0,0.0,0,no_bars,0,false,false,false,
GBPJPY,asia,2026-03-06T23:00:00.000000+0000,2026-03-07T03:00:00.000000+0000,2026-03-07T03:00:00.000000+0000,session_optimizer_new_york_gbpjpy_medium,live_policy,medium,10000.0,0,0.0,0.0,0.0,0.0,0,no_bars,0,false,false,false,
GBPUSD,asia,2026-03-06T23:00:00.000000+0000,2026-03-07T03:00:00.000000+0000,2026-03-07T03:00:00.000000+0000,session_optimizer_new_york_gbpusd_medium,live_policy,medium,10000.0,0,0.0,0.0,0.0,0.0,0,no_bars,0,false,false,false,
NZDUSD,asia,2026-03-06T23:00:00.000000+0000,2026-03-07T03:00:00.000000+0000,2026-03-07T03:00:00.000000+0000,session_optimizer_new_york_nzdusd_medium,live_policy,medium,10000.0,0,0.0,0.0,0.0,0.0,0,no_bars,0,false,false,false,
EURJPY,asia,2026-03-07T23:00:00.000000+0000,2026-03-08T03:00:00.000000+0000,2026-03-08T03:00:00.000000+0000,both_sides_normal,live_policy,medium,10000.0,0,0.0,0.0,0.0,0.0,0,no_bars,0,false,false,false,
GBPJPY,asia,2026-03-07T23:00:00.000000+0000,2026-03-08T03:00:00.000000+0000,2026-03-08T03:00:00.000000+0000,session_optimizer_new_york_gbpjpy_medium,live_policy,medium,10000.0,0,0.0,0.0,0.0,0.0,0,no_bars,0,false,false,false,
GBPUSD,asia,2026-03-07T23:00:00.000000+0000,2026-03-08T03:00:00.000000+0000,2026-03-08T03:00:00.000000+0000,session_optimizer_new_york_gbpusd_medium,live_policy,medium,10000.0,0,0.0,0.0,0.0,0.0,0,no_bars,0,false,false,false,
NZDUSD,asia,2026-03-07T23:00:00.000000+0000,2026-03-08T03:00:00.000000+0000,2026-03-08T03:00:00.000000+0000,session_optimizer_new_york_nzdusd_medium,live_policy,medium,10000.0,0,0.0,0.0,0.0,0.0,0,no_bars,0,false,false,false,
EURJPY,asia,2026-03-08T22:00:00.000000+0000,2026-03-09T03:00:00.000000+0000,2026-03-09T03:00:00.000000+0000,both_sides_normal,live_policy,medium,10000.0,5,0.2336,13.102418,2.883995,2.883995,5,basket_tp_pips,11,false,false,false,
GBPJPY,asia,2026-03-08T22:00:00.000000+0000,2026-03-09T03:00:00.000000+0000,2026-03-09T03:00:00.000000+0000,session_optimizer_new_york_gbpjpy_medium,live_policy,medium,10000.0,5,0.204836,10.515234,6.364782,6.364782,5,basket_tp_pips,11,false,false,false,
GBPUSD,asia,2026-03-08T22:00:00.000000+0000,2026-03-09T03:00:00.000000+0000,2026-03-09T03:00:00.000000+0000,session_optimizer_new_york_gbpusd_medium,live_policy,medium,10000.0,8,0.36568,-61.825868,156.775255,146.50142,8,session_close,294,false,false,false,
NZDUSD,asia,2026-03-08T22:00:00.000000+0000,2026-03-09T03:00:00.000000+0000,2026-03-09T03:00:00.000000+0000,session_optimizer_new_york_nzdusd_medium,live_policy,medium,10000.0,1,0.04,5.2,1.3,1.3,1,basket_tp_pips,16,false,false,false,
EURJPY,asia,2026-03-09T22:00:00.000000+0000,2026-03-10T03:00:00.000000+0000,2026-03-10T03:00:00.000000+0000,both_sides_normal,live_policy,medium,10000.0,4,0.176,5.184,0.689765,0.689765,4,basket_tp_currency,4,false,false,false,
GBPJPY,asia,2026-03-09T22:00:00.000000+0000,2026-03-10T03:00:00.000000+0000,2026-03-10T03:00:00.000000+0000,session_optimizer_new_york_gbpjpy_medium,live_policy,medium,10000.0,5,0.204836,10.515234,2.940815,0.0,5,basket_tp_pips,113,false,false,false,
GBPUSD,asia,2026-03-09T22:00:00.000000+0000,2026-03-10T03:00:00.000000+0000,2026-03-10T03:00:00.000000+0000,session_optimizer_new_york_gbpusd_medium,live_policy,medium,10000.0,6,0.254405,25.012465,13.690404,3.469284,6,basket_tp_pips,157,false,false,false,
NZDUSD,asia,2026-03-09T22:00:00.000000+0000,2026-03-10T03:00:00.000000+0000,2026-03-10T03:00:00.000000+0000,session_optimizer_new_york_nzdusd_medium,live_policy,medium,10000.0,2,0.082,10.66,7.1422,5.252,2,basket_tp_pips,105,false,false,false,
EURJPY,asia,2026-03-10T22:00:00.000000+0000,2026-03-11T03:00:00.000000+0000,2026-03-11T03:00:00.000000+0000,both_sides_normal,live_policy,medium,10000.0,5,0.25472,-59.242752,70.972416,67.576896,5,session_close,300,false,false,false,
GBPJPY,asia,2026-03-10T22:00:00.000000+0000,2026-03-11T03:00:00.000000+0000,2026-03-11T03:00:00.000000+0000,session_optimizer_new_york_gbpjpy_medium,live_policy,medium,10000.0,9,0.387698,-85.486846,91.169746,84.657757,9,basket_sl_pips,215,false,false,false,
GBPUSD,asia,2026-03-10T22:00:00.000000+0000,2026-03-11T03:00:00.000000+0000,2026-03-11T03:00:00.000000+0000,session_optimizer_new_york_gbpusd_medium,live_policy,medium,10000.0,7,0.312076,-38.663123,53.489774,51.032774,7,session_close,300,false,false,false,
NZDUSD,asia,2026-03-10T22:00:00.000000+0000,2026-03-11T03:00:00.000000+0000,2026-03-11T03:00:00.000000+0000,session_optimizer_new_york_nzdusd_medium,live_policy,medium,10000.0,2,0.082,10.66,3.12,3.12,2,basket_tp_pips,50,false,false,false,
EURJPY,asia,2026-03-11T22:00:00.000000+0000,2026-03-12T03:00:00.000000+0000,2026-03-12T03:00:00.000000+0000,both_sides_normal,live_policy,medium,10000.0,4,0.176,5.184,1.5552,1.1232,4,basket_tp_currency,19,false,false,false,
GBPJPY,asia,2026-03-11T22:00:00.000000+0000,2026-03-12T03:00:00.000000+0000,2026-03-12T03:00:00.000000+0000,session_optimizer_new_york_gbpjpy_medium,live_policy,medium,10000.0,6,0.252365,19.960488,15.479316,15.479316,6,basket_tp_pips,41,false,false,false,
GBPUSD,asia,2026-03-11T22:00:00.000000+0000,2026-03-12T03:00:00.000000+0000,2026-03-12T03:00:00.000000+0000,session_optimizer_new_york_gbpusd_medium,live_policy,medium,10000.0,8,0.36568,-77.052612,111.4152,100.821188,8,session_close,300,false,false,false,
NZDUSD,asia,2026-03-11T22:00:00.000000+0000,2026-03-12T03:00:00.000000+0000,2026-03-12T03:00:00.000000+0000,session_optimizer_new_york_nzdusd_medium,live_policy,medium,10000.0,1,0.04,5.2,1.092,1.092,1,basket_tp_pips,29,false,false,false,
EURJPY,asia,2026-03-12T22:00:00.000000+0000,2026-03-13T03:00:00.000000+0000,2026-03-13T03:00:00.000000+0000,both_sides_normal,live_policy,medium,10000.0,4,0.176,5.184,0.0,0.0,4,basket_tp_currency,2,false,false,false,
GBPJPY,asia,2026-03-12T22:00:00.000000+0000,2026-03-13T03:00:00.000000+0000,2026-03-13T03:00:00.000000+0000,session_optimizer_new_york_gbpjpy_medium,live_policy,medium,10000.0,5,0.207345,14.780838,9.606406,9.606406,5,basket_tp_pips,3,false,false,false,
GBPUSD,asia,2026-03-12T22:00:00.000000+0000,2026-03-13T03:00:00.000000+0000,2026-03-13T03:00:00.000000+0000,session_optimizer_new_york_gbpusd_medium,live_policy,medium,10000.0,7,0.303025,34.764717,13.749593,6.288913,7,basket_tp_pips,289,false,false,false,
NZDUSD,asia,2026-03-12T22:00:00.000000+0000,2026-03-13T03:00:00.000000+0000,2026-03-13T03:00:00.000000+0000,session_optimizer_new_york_nzdusd_medium,live_policy,medium,10000.0,3,0.1261,16.393,12.30281,12.30281,3,basket_tp_pips,284,false,false,false,
EURJPY,asia,2026-03-13T22:00:00.000000+0000,2026-03-14T03:00:00.000000+0000,2026-03-14T03:00:00.000000+0000,both_sides_normal,live_policy,medium,10000.0,0,0.0,0.0,0.0,0.0,0,no_bars,0,false,false,false,
GBPJPY,asia,2026-03-13T22:00:00.000000+0000,2026-03-14T03:00:00.000000+0000,2026-03-14T03:00:00.000000+0000,session_optimizer_new_york_gbpjpy_medium,live_policy,medium,10000.0,0,0.0,0.0,0.0,0.0,0,no_bars,0,false,false,false,
GBPUSD,asia,2026-03-13T22:00:00.000000+0000,2026-03-14T03:00:00.000000+0000,2026-03-14T03:00:00.000000+0000,session_optimizer_new_york_gbpusd_medium,live_policy,medium,10000.0,0,0.0,0.0,0.0,0.0,0,no_bars,0,false,false,false,
NZDUSD,asia,2026-03-13T22:00:00.000000+0000,2026-03-14T03:00:00.000000+0000,2026-03-14T03:00:00.000000+0000,session_optimizer_new_york_nzdusd_medium,live_policy,medium,10000.0,0,0.0,0.0,0.0,0.0,0,no_bars,0,false,false,false,
EURJPY,asia,2026-03-14T22:00:00.000000+0000,2026-03-15T03:00:00.000000+0000,2026-03-15T03:00:00.000000+0000,both_sides_normal,live_policy,medium,10000.0,0,0.0,0.0,0.0,0.0,0,no_bars,0,false,false,false,
GBPJPY,asia,2026-03-14T22:00:00.000000+0000,2026-03-15T03:00:00.000000+0000,2026-03-15T03:00:00.000000+0000,session_optimizer_new_york_gbpjpy_medium,live_policy,medium,10000.0,0,0.0,0.0,0.0,0.0,0,no_bars,0,false,false,false,
GBPUSD,asia,2026-03-14T22:00:00.000000+0000,2026-03-15T03:00:00.000000+0000,2026-03-15T03:00:00.000000+0000,session_optimizer_new_york_gbpusd_medium,live_policy,medium,10000.0,0,0.0,0.0,0.0,0.0,0,no_bars,0,false,false,false,
NZDUSD,asia,2026-03-14T22:00:00.000000+0000,2026-03-15T03:00:00.000000+0000,2026-03-15T03:00:00.000000+0000,session_optimizer_new_york_nzdusd_medium,live_policy,medium,10000.0,0,0.0,0.0,0.0,0.0,0,no_bars,0,false,false,false,
EURJPY,asia,2026-03-15T22:00:00.000000+0000,2026-03-16T03:00:00.000000+0000,2026-03-16T03:00:00.000000+0000,both_sides_normal,live_policy,medium,10000.0,4,0.1856,11.925099,4.315545,3.235545,4,basket_tp_pips,29,false,false,false,
GBPJPY,asia,2026-03-15T22:00:00.000000+0000,2026-03-16T03:00:00.000000+0000,2026-03-16T03:00:00.000000+0000,session_optimizer_new_york_gbpjpy_medium,live_policy,medium,10000.0,4,0.163636,9.729798,3.278614,3.278614,4,basket_tp_pips,6,false,false,false,
GBPUSD,asia,2026-03-15T22:00:00.000000+0000,2026-03-16T03:00:00.000000+0000,2026-03-16T03:00:00.000000+0000,session_optimizer_new_york_gbpusd_medium,live_policy,medium,10000.0,4,0.1661,14.414443,7.17717,4.28337,4,basket_tp_pips,69,false,false,false,
NZDUSD,asia,2026-03-15T22:00:00.000000+0000,2026-03-16T03:00:00.000000+0000,2026-03-16T03:00:00.000000+0000,session_optimizer_new_york_nzdusd_medium,live_policy,medium,10000.0,1,0.04,5.2,2.34,0.0,1,basket_tp_pips,20,false,false,false,
EURJPY,asia,2026-03-16T22:00:00.000000+0000,2026-03-17T03:00:00.000000+0000,2026-03-17T03:00:00.000000+0000,both_sides_normal,live_policy,medium,10000.0,5,0.25472,-25.119936,44.972928,31.8816,5,session_close,300,false,false,false,
GBPJPY,asia,2026-03-16T22:00:00.000000+0000,2026-03-17T03:00:00.000000+0000,2026-03-17T03:00:00.000000+0000,session_optimizer_new_york_gbpjpy_medium,live_policy,medium,10000.0,7,0.293565,3.644748,12.936077,7.56986,7,session_close,300,false,false,false,
GBPUSD,asia,2026-03-16T22:00:00.000000+0000,2026-03-17T03:00:00.000000+0000,2026-03-17T03:00:00.000000+0000,session_optimizer_new_york_gbpusd_medium,live_policy,medium,10000.0,7,0.312076,-2.760966,37.456328,37.456328,7,session_close,300,false,false,false,
NZDUSD,asia,2026-03-16T22:00:00.000000+0000,2026-03-17T03:00:00.000000+0000,2026-03-17T03:00:00.000000+0000,session_optimizer_new_york_nzdusd_medium,live_policy,medium,10000.0,1,0.04,5.2,2.132,2.132,1,basket_tp_pips,146,false,false,false,
EURJPY,asia,2026-03-17T22:00:00.000000+0000,2026-03-18T03:00:00.000000+0000,2026-03-18T03:00:00.000000+0000,both_sides_normal,live_policy,medium,10000.0,4,0.176,5.184,0.6048,0.6048,4,basket_tp_currency,3,false,false,false,
GBPJPY,asia,2026-03-17T22:00:00.000000+0000,2026-03-18T03:00:00.000000+0000,2026-03-18T03:00:00.000000+0000,session_optimizer_new_york_gbpjpy_medium,live_policy,medium,10000.0,4,0.163636,9.729798,5.386241,5.386241,4,basket_tp_pips,4,false,false,false,
GBPUSD,asia,2026-03-17T22:00:00.000000+0000,2026-03-18T03:00:00.000000+0000,2026-03-18T03:00:00.000000+0000,session_optimizer_new_york_gbpusd_medium,live_policy,medium,10000.0,3,0.122,-0.3822,5.46,2.184,3,session_close,300,false,false,false,
NZDUSD,asia,2026-03-17T22:00:00.000000+0000,2026-03-18T03:00:00.000000+0000,2026-03-18T03:00:00.000000+0000,session_optimizer_new_york_nzdusd_medium,live_policy,medium,10000.0,3,0.1261,5.40163,14.26997,14.26997,3,session_close,300,false,false,false,
EURJPY,asia,2026-03-18T22:00:00.000000+0000,2026-03-19T03:00:00.000000+0000,2026-03-19T03:00:00.000000+0000,both_sides_normal,live_policy,medium,10000.0,4,0.1856,11.925099,7.50816,4.0176,4,basket_tp_pips,102,false,false,false,
GBPJPY,asia,2026-03-18T22:00:00.000000+0000,2026-03-19T03:00:00.000000+0000,2026-03-19T03:00:00.000000+0000,session_optimizer_new_york_gbpjpy_medium,live_policy,medium,10000.0,6,0.252365,19.960488,14.194496,14.194496,6,basket_tp_pips,113,false,false,false,
GBPUSD,asia,2026-03-18T22:00:00.000000+0000,2026-03-19T03:00:00.000000+0000,2026-03-19T03:00:00.000000+0000,session_optimizer_new_york_gbpusd_medium,live_policy,medium,10000.0,5,0.212405,22.082803,11.704602,9.9918,5,basket_tp_pips,122,false,false,false,
NZDUSD,asia,2026-03-18T22:00:00.000000+0000,2026-03-19T03:00:00.000000+0000,2026-03-19T03:00:00.000000+0000,session_optimizer_new_york_nzdusd_medium,live_policy,medium,10000.0,1,0.04,5.2,1.404,0.832,1,basket_tp_pips,14,false,false,false,
EURJPY,asia,2026-03-19T22:00:00.000000+0000,2026-03-20T03:00:00.000000+0000,2026-03-20T03:00:00.000000+0000,both_sides_normal,live_policy,medium,10000.0,5,0.25472,19.45249,22.171968,13.326336,5,basket_tp_pips,142,false,false,false,
GBPJPY,asia,2026-03-19T22:00:00.000000+0000,2026-03-20T03:00:00.000000+0000,2026-03-20T03:00:00.000000+0000,session_optimizer_new_york_gbpjpy_medium,live_policy,medium,10000.0,0,0.0,0.0,0.0,0.0,0,event_risk_gated,0,false,true,false,
GBPUSD,asia,2026-03-19T22:00:00.000000+0000,2026-03-20T03:00:00.000000+0000,2026-03-20T03:00:00.000000+0000,session_optimizer_new_york_gbpusd_medium,live_policy,medium,10000.0,0,0.0,0.0,0.0,0.0,0,event_risk_gated,0,false,true,false,
NZDUSD,asia,2026-03-19T22:00:00.000000+0000,2026-03-20T03:00:00.000000+0000,2026-03-20T03:00:00.000000+0000,session_optimizer_new_york_nzdusd_medium,live_policy,medium,10000.0,2,0.082,10.66,5.5718,5.5718,2,basket_tp_pips,47,false,false,false,
EURJPY,asia,2026-03-20T22:00:00.000000+0000,2026-03-21T03:00:00.000000+0000,2026-03-21T03:00:00.000000+0000,both_sides_normal,live_policy,medium,10000.0,0,0.0,0.0,0.0,0.0,0,no_bars,0,false,false,false,
GBPJPY,asia,2026-03-20T22:00:00.000000+0000,2026-03-21T03:00:00.000000+0000,2026-03-21T03:00:00.000000+0000,session_optimizer_new_york_gbpjpy_medium,live_policy,medium,10000.0,0,0.0,0.0,0.0,0.0,0,no_bars,0,false,false,false,
GBPUSD,asia,2026-03-20T22:00:00.000000+0000,2026-03-21T03:00:00.000000+0000,2026-03-21T03:00:00.000000+0000,session_optimizer_new_york_gbpusd_medium,live_policy,medium,10000.0,0,0.0,0.0,0.0,0.0,0,no_bars,0,false,false,false,
NZDUSD,asia,2026-03-20T22:00:00.000000+0000,2026-03-21T03:00:00.000000+0000,2026-03-21T03:00:00.000000+0000,session_optimizer_new_york_nzdusd_medium,live_policy,medium,10000.0,0,0.0,0.0,0.0,0.0,0,no_bars,0,false,false,false,
EURJPY,asia,2026-03-21T22:00:00.000000+0000,2026-03-22T03:00:00.000000+0000,2026-03-22T03:00:00.000000+0000,both_sides_normal,live_policy,medium,10000.0,0,0.0,0.0,0.0,0.0,0,no_bars,0,false,false,false,
GBPJPY,asia,2026-03-21T22:00:00.000000+0000,2026-03-22T03:00:00.000000+0000,2026-03-22T03:00:00.000000+0000,session_optimizer_new_york_gbpjpy_medium,live_policy,medium,10000.0,0,0.0,0.0,0.0,0.0,0,no_bars,0,false,false,false,
GBPUSD,asia,2026-03-21T22:00:00.000000+0000,2026-03-22T03:00:00.000000+0000,2026-03-22T03:00:00.000000+0000,session_optimizer_new_york_gbpusd_medium,live_policy,medium,10000.0,0,0.0,0.0,0.0,0.0,0,no_bars,0,false,false,false,
NZDUSD,asia,2026-03-21T22:00:00.000000+0000,2026-03-22T03:00:00.000000+0000,2026-03-22T03:00:00.000000+0000,session_optimizer_new_york_nzdusd_medium,live_policy,medium,10000.0,0,0.0,0.0,0.0,0.0,0,no_bars,0,false,false,false,
EURJPY,asia,2026-03-22T22:00:00.000000+0000,2026-03-23T03:00:00.000000+0000,2026-03-23T03:00:00.000000+0000,both_sides_normal,live_policy,medium,10000.0,4,0.1856,11.925099,9.9792,7.477955,4,basket_tp_pips,65,false,false,false,
GBPJPY,asia,2026-03-22T22:00:00.000000+0000,2026-03-23T03:00:00.000000+0000,2026-03-23T03:00:00.000000+0000,session_optimizer_new_york_gbpjpy_medium,live_policy,medium,10000.0,5,0.207345,14.780838,19.254564,8.871564,5,basket_tp_pips,125,false,false,false,
GBPUSD,asia,2026-03-22T22:00:00.000000+0000,2026-03-23T03:00:00.000000+0000,2026-03-23T03:00:00.000000+0000,session_optimizer_new_york_gbpusd_medium,live_policy,medium,10000.0,7,0.312076,38.413209,46.795003,43.792003,7,basket_tp_pips,161,false,false,false,
NZDUSD,asia,2026-03-22T22:00:00.000000+0000,2026-03-23T03:00:00.000000+0000,2026-03-23T03:00:00.000000+0000,session_optimizer_new_york_nzdusd_medium,live_policy,medium,10000.0,4,0.172405,22.41265,32.52481,32.12701,4,basket_tp_pips,273,false,false,false,
EURJPY,asia,2026-03-23T22:00:00.000000+0000,2026-03-24T03:00:00.000000+0000,2026-03-24T03:00:00.000000+0000,both_sides_normal,live_policy,medium,10000.0,5,0.25472,-3.105216,44.13312,38.17152,5,session_close,298,false,false,false,
GBPJPY,asia,2026-03-23T22:00:00.000000+0000,2026-03-24T03:00:00.000000+0000,2026-03-24T03:00:00.000000+0000,session_optimizer_new_york_gbpjpy_medium,live_policy,medium,10000.0,4,0.163636,9.729798,9.032688,5.386241,4,basket_tp_pips,111,false,false,false,
GBPUSD,asia,2026-03-23T22:00:00.000000+0000,2026-03-24T03:00:00.000000+0000,2026-03-24T03:00:00.000000+0000,session_optimizer_new_york_gbpusd_medium,live_policy,medium,10000.0,8,0.36568,-35.828988,97.761508,93.393508,8,session_close,298,false,false,false,
NZDUSD,asia,2026-03-23T22:00:00.000000+0000,2026-03-24T03:00:00.000000+0000,2026-03-24T03:00:00.000000+0000,session_optimizer_new_york_nzdusd_medium,live_policy,medium,10000.0,3,0.1261,16.393,18.53215,18.53215,3,basket_tp_pips,122,false,false,false,
EURJPY,asia,2026-03-24T22:00:00.000000+0000,2026-03-25T03:00:00.000000+0000,2026-03-25T03:00:00.000000+0000,both_sides_normal,live_policy,medium,10000.0,5,0.25472,-11.282112,56.726784,56.726784,5,session_close,300,false,false,false,
GBPJPY,asia,2026-03-24T22:00:00.000000+0000,2026-03-25T03:00:00.000000+0000,2026-03-25T03:00:00.000000+0000,session_optimizer_new_york_gbpjpy_medium,live_policy,medium,10000.0,8,0.346498,30.720019,59.733961,58.722048,8,basket_tp_pips,245,false,false,false,
GBPUSD,asia,2026-03-24T22:00:00.000000+0000,2026-03-25T03:00:00.000000+0000,2026-03-25T03:00:00.000000+0000,session_optimizer_new_york_gbpusd_medium,live_policy,medium,10000.0,7,0.303025,34.764717,19.260865,8.638435,7,basket_tp_pips,242,false,false,false,
NZDUSD,asia,2026-03-24T22:00:00.000000+0000,2026-03-25T03:00:00.000000+0000,2026-03-25T03:00:00.000000+0000,session_optimizer_new_york_nzdusd_medium,live_policy,medium,10000.0,2,0.082,10.66,9.9138,8.5566,2,basket_tp_pips,238,false,false,false,
EURJPY,asia,2026-03-25T22:00:00.000000+0000,2026-03-26T03:00:00.000000+0000,2026-03-26T03:00:00.000000+0000,both_sides_normal,live_policy,medium,10000.0,5,0.25472,-7.036416,23.530176,18.043776,5,session_close,300,false,false,false,
GBPJPY,asia,2026-03-25T22:00:00.000000+0000,2026-03-26T03:00:00.000000+0000,2026-03-26T03:00:00.000000+0000,session_optimizer_new_york_gbpjpy_medium,live_policy,medium,10000.0,0,0.0,0.0,0.0,0.0,0,event_risk_gated,0,false,true,false,
GBPUSD,asia,2026-03-25T22:00:00.000000+0000,2026-03-26T03:00:00.000000+0000,2026-03-26T03:00:00.000000+0000,session_optimizer_new_york_gbpusd_medium,live_policy,medium,10000.0,0,0.0,0.0,0.0,0.0,0,event_risk_gated,0,false,true,false,
NZDUSD,asia,2026-03-25T22:00:00.000000+0000,2026-03-26T03:00:00.000000+0000,2026-03-26T03:00:00.000000+0000,session_optimizer_new_york_nzdusd_medium,live_policy,medium,10000.0,1,0.04,5.2,3.224,2.86,1,basket_tp_pips,166,false,false,false,
EURJPY,asia,2026-03-26T22:00:00.000000+0000,2026-03-27T03:00:00.000000+0000,2026-03-27T03:00:00.000000+0000,both_sides_normal,live_policy,medium,10000.0,4,0.176,5.184,2.610696,0.6048,4,basket_tp_currency,137,false,false,false,
GBPJPY,asia,2026-03-26T22:00:00.000000+0000,2026-03-27T03:00:00.000000+0000,2026-03-27T03:00:00.000000+0000,session_optimizer_new_york_gbpjpy_medium,live_policy,medium,10000.0,9,0.387698,36.174074,26.022834,21.19131,9,basket_tp_pips,209,false,false,false,
GBPUSD,asia,2026-03-26T22:00:00.000000+0000,2026-03-27T03:00:00.000000+0000,2026-03-27T03:00:00.000000+0000,session_optimizer_new_york_gbpusd_medium,live_policy,medium,10000.0,5,0.2081,15.612959,3.822,0.1638,5,basket_tp_pips,198,false,false,false,
NZDUSD,asia,2026-03-26T22:00:00.000000+0000,2026-03-27T03:00:00.000000+0000,2026-03-27T03:00:00.000000+0000,session_optimizer_new_york_nzdusd_medium,live_policy,medium,10000.0,1,0.04,5.2,2.548,2.548,1,basket_tp_pips,169,false,false,false,
EURJPY,asia,2026-03-27T22:00:00.000000+0000,2026-03-28T03:00:00.000000+0000,2026-03-28T03:00:00.000000+0000,both_sides_normal,live_policy,medium,10000.0,0,0.0,0.0,0.0,0.0,0,no_bars,0,false,false,false,
GBPJPY,asia,2026-03-27T22:00:00.000000+0000,2026-03-28T03:00:00.000000+0000,2026-03-28T03:00:00.000000+0000,session_optimizer_new_york_gbpjpy_medium,live_policy,medium,10000.0,0,0.0,0.0,0.0,0.0,0,no_bars,0,false,false,false,
GBPUSD,asia,2026-03-27T22:00:00.000000+0000,2026-03-28T03:00:00.000000+0000,2026-03-28T03:00:00.000000+0000,session_optimizer_new_york_gbpusd_medium,live_policy,medium,10000.0,0,0.0,0.0,0.0,0.0,0,no_bars,0,false,false,false,
NZDUSD,asia,2026-03-27T22:00:00.000000+0000,2026-03-28T03:00:00.000000+0000,2026-03-28T03:00:00.000000+0000,session_optimizer_new_york_nzdusd_medium,live_policy,medium,10000.0,0,0.0,0.0,0.0,0.0,0,no_bars,0,false,false,false,
EURJPY,asia,2026-03-28T22:00:00.000000+0000,2026-03-29T03:00:00.000000+0000,2026-03-29T03:00:00.000000+0000,both_sides_normal,live_policy,medium,10000.0,0,0.0,0.0,0.0,0.0,0,no_bars,0,false,false,false,
GBPJPY,asia,2026-03-28T22:00:00.000000+0000,2026-03-29T03:00:00.000000+0000,2026-03-29T03:00:00.000000+0000,session_optimizer_new_york_gbpjpy_medium,live_policy,medium,10000.0,0,0.0,0.0,0.0,0.0,0,no_bars,0,false,false,false,
GBPUSD,asia,2026-03-28T22:00:00.000000+0000,2026-03-29T03:00:00.000000+0000,2026-03-29T03:00:00.000000+0000,session_optimizer_new_york_gbpusd_medium,live_policy,medium,10000.0,0,0.0,0.0,0.0,0.0,0,no_bars,0,false,false,false,
NZDUSD,asia,2026-03-28T22:00:00.000000+0000,2026-03-29T03:00:00.000000+0000,2026-03-29T03:00:00.000000+0000,session_optimizer_new_york_nzdusd_medium,live_policy,medium,10000.0,0,0.0,0.0,0.0,0.0,0,no_bars,0,false,false,false,
EURJPY,asia,2026-03-29T22:00:00.000000+0000,2026-03-30T03:00:00.000000+0000,2026-03-30T03:00:00.000000+0000,both_sides_normal,live_policy,medium,10000.0,4,0.176,5.184,1.512,1.512,4,basket_tp_currency,10,false,false,false,
GBPJPY,asia,2026-03-29T22:00:00.000000+0000,2026-03-30T03:00:00.000000+0000,2026-03-30T03:00:00.000000+0000,session_optimizer_new_york_gbpjpy_medium,live_policy,medium,10000.0,8,0.346498,-113.188901,114.498249,112.448045,8,basket_sl_pips,176,false,false,false,
GBPUSD,asia,2026-03-29T22:00:00.000000+0000,2026-03-30T03:00:00.000000+0000,2026-03-30T03:00:00.000000+0000,session_optimizer_new_york_gbpusd_medium,live_policy,medium,10000.0,6,0.261025,30.07738,35.064542,25.96737,6,basket_tp_pips,142,false,false,false,
NZDUSD,asia,2026-03-29T22:00:00.000000+0000,2026-03-30T03:00:00.000000+0000,2026-03-30T03:00:00.000000+0000,session_optimizer_new_york_nzdusd_medium,live_policy,medium,10000.0,1,0.04,5.2,3.848,2.704,1,basket_tp_pips,105,false,false,false,
EURJPY,asia,2026-03-30T22:00:00.000000+0000,2026-03-31T03:00:00.000000+0000,2026-03-31T03:00:00.000000+0000,both_sides_normal,live_policy,medium,10000.0,5,0.25472,0.983232,65.530944,63.802944,5,session_close,300,false,false,false,
GBPJPY,asia,2026-03-30T22:00:00.000000+0000,2026-03-31T03:00:00.000000+0000,2026-03-31T03:00:00.000000+0000,session_optimizer_new_york_gbpjpy_medium,live_policy,medium,10000.0,5,0.207345,14.780838,17.021385,12.471669,5,basket_tp_pips,159,false,false,false,
GBPUSD,asia,2026-03-30T22:00:00.000000+0000,2026-03-31T03:00:00.000000+0000,2026-03-31T03:00:00.000000+0000,session_optimizer_new_york_gbpusd_medium,live_policy,medium,10000.0,5,0.212405,22.082803,18.081746,18.081746,5,basket_tp_pips,164,false,false,false,
NZDUSD,asia,2026-03-30T22:00:00.000000+0000,2026-03-31T03:00:00.000000+0000,2026-03-31T03:00:00.000000+0000,session_optimizer_new_york_nzdusd_medium,live_policy,medium,10000.0,1,0.04,5.2,1.768,1.56,1,basket_tp_pips,128,false,false,false,
EURJPY,asia,2026-03-31T22:00:00.000000+0000,2026-04-01T03:00:00.000000+0000,2026-04-01T03:00:00.000000+0000,both_sides_normal,live_policy,medium,10000.0,4,0.176,5.184,0.82519,0.82519,4,basket_tp_currency,6,false,false,false,
GBPJPY,asia,2026-03-31T22:00:00.000000+0000,2026-04-01T03:00:00.000000+0000,2026-04-01T03:00:00.000000+0000,session_optimizer_new_york_gbpjpy_medium,live_policy,medium,10000.0,5,0.204836,10.515234,0.0,0.0,5,basket_tp_pips,2,false,false,false,
GBPUSD,asia,2026-03-31T22:00:00.000000+0000,2026-04-01T03:00:00.000000+0000,2026-04-01T03:00:00.000000+0000,session_optimizer_new_york_gbpusd_medium,live_policy,medium,10000.0,5,0.212405,-13.262204,17.511722,15.327722,5,session_close,120,false,false,false,
NZDUSD,asia,2026-03-31T22:00:00.000000+0000,2026-04-01T03:00:00.000000+0000,2026-04-01T03:00:00.000000+0000,session_optimizer_new_york_nzdusd_medium,live_policy,medium,10000.0,2,0.082,-7.5972,9.5576,9.0896,2,session_close,120,false,false,false,
