pair,session_name,session_start_utc,session_end_utc,managed_close_start_utc,policy_id,policy_source,risk_mode,account_equity,trade_count,gross_lots,realized_pnl,max_drawdown,max_adverse_excursion,max_open_legs,exit_reason,bars_processed,entered_managed_close,gated_by_event_risk,gated_by_entry_intent,derived_entry_direction
EURJPY,london,2026-03-02T03:00:00.000000+0000,2026-03-02T10:00:00.000000+0000,2026-03-02T10:00:00.000000+0000,both_sides_normal,live_policy,medium,10000.0,3,0.032,0.726545,0.2808,0.2268,3,basket_tp_pips,20,false,false,false,
GBPJPY,london,2026-03-02T03:00:00.000000+0000,2026-03-02T10:00:00.000000+0000,2026-03-02T10:00:00.000000+0000,session_optimizer_new_york_gbpjpy_medium,live_policy,medium,10000.0,3,0.0303,0.64479,0.28737,0.28737,3,basket_tp_pips,19,false,false,false,
GBPUSD,london,2026-03-02T03:00:00.000000+0000,2026-03-02T10:00:00.000000+0000,2026-03-02T10:00:00.000000+0000,session_optimizer_new_york_gbpusd_medium,live_policy,medium,10000.0,3,0.0305,0.945512,0.3549,0.3549,3,basket_tp_pips,14,false,false,false,
NZDUSD,london,2026-03-02T03:00:00.000000+0000,2026-03-02T10:00:00.000000+0000,2026-03-02T10:00:00.000000+0000,session_optimizer_new_york_nzdusd_medium,live_policy,medium,10000.0,2,0.0205,1.066,1.33965,1.33965,2,basket_tp_pips,35,false,false,false,
EURJPY,london,2026-03-03T03:00:00.000000+0000,2026-03-03T10:00:00.000000+0000,2026-03-03T10:00:00.000000+0000,both_sides_normal,live_policy,medium,10000.0,3,0.032,0.726545,0.108,0.0324,3,basket_tp_pips,17,false,false,false,
GBPJPY,london,2026-03-03T03:00:00.000000+0000,2026-03-03T10:00:00.000000+0000,2026-03-03T10:00:00.000000+0000,session_optimizer_new_york_gbpjpy_medium,live_policy,medium,10000.0,3,0.0303,0.64479,0.03708,0.03708,3,basket_tp_pips,5,false,false,false,
GBPUSD,london,2026-03-03T03:00:00.000000+0000,2026-03-03T10:00:00.000000+0000,2026-03-03T10:00:00.000000+0000,session_optimizer_new_york_gbpusd_medium,live_policy,medium,10000.0,3,0.0305,0.945512,1.2285,0.61425,3,basket_tp_pips,46,false,false,false,
NZDUSD,london,2026-03-03T03:00:00.000000+0000,2026-03-03T10:00:00.000000+0000,2026-03-03T10:00:00.000000+0000,session_optimizer_new_york_nzdusd_medium,live_policy,medium,10000.0,1,0.01,0.52,0.403,0.403,1,basket_tp_pips,9,false,false,false,
EURJPY,london,2026-03-04T03:00:00.000000+0000,2026-03-04T10:00:00.000000+0000,2026-03-04T10:00:00.000000+0000,both_sides_normal,live_policy,medium,10000.0,3,0.032,0.726545,0.0648,0.0648,3,basket_tp_pips,6,false,false,false,
GBPJPY,london,2026-03-04T03:00:00.000000+0000,2026-03-04T10:00:00.000000+0000,2026-03-04T10:00:00.000000+0000,session_optimizer_new_york_gbpjpy_medium,live_policy,medium,10000.0,0,0.0,0.0,0.0,0.0,0,event_risk_gated,0,false,true,false,
GBPUSD,london,2026-03-04T03:00:00.000000+0000,2026-03-04T10:00:00.000000+0000,2026-03-04T10:00:00.000000+0000,session_optimizer_new_york_gbpusd_medium,live_policy,medium,10000.0,0,0.0,0.0,0.0,0.0,0,event_risk_gated,0,false,true,false,
NZDUSD,london,2026-03-04T03:00:00.000000+0000,2026-03-04T10:00:00.000000+0000,2026-03-04T10:00:00.000000+0000,session_optimizer_new_york_nzdusd_medium,live_policy,medium,10000.0,1,0.01,0.52,0.0,0.0,1,basket_tp_pips,2,false,false,false,
EURJPY,london,2026-03-05T03:00:00.000000+0000,2026-03-05T10:00:00.000000+0000,2026-03-05T10:00:00.000000+0000,both_sides_normal,live_policy,medium,10000.0,6,0.084416,3.593102,5.939654,5.939654,6,basket_tp_pips,54,false,false,false,
GBPJPY,london,2026-03-05T03:00:00.000000+0000,2026-03-05T10:00:00.000000+0000,2026-03-05T10:00:00.000000+0000,session_optimizer_new_york_gbpjpy_medium,live_policy,medium,10000.0,9,0.098924,4.814999,13.489567,13.489567,9,basket_tp_pips,123,false,false,false,
GBPUSD,london,2026-03-05T03:00:00.000000+0000,2026-03-05T10:00:00.000000+0000,2026-03-05T10:00:00.000000+0000,session_optimizer_new_york_gbpusd_medium,live_policy,medium,10000.0,11,0.135779,9.843227,41.623795,41.623795,11,basket_tp_pips,242,false,false,false,
NZDUSD,london,2026-03-05T03:00:00.000000+0000,2026-03-05T10:00:00.000000+0000,2026-03-05T10:00:00.000000+0000,session_optimizer_new_york_nzdusd_medium,live_policy,medium,10000.0,1,0.01,0.52,0.403,0.403,1,basket_tp_pips,12,false,false,false,
EURJPY,london,2026-03-06T03:00:00.000000+0000,2026-03-06T10:00:00.000000+0000,2026-03-06T10:00:00.000000+0000,both_sides_normal,live_policy,medium,10000.0,7,0.109299,4.846195,8.30786,8.23226,7,basket_tp_pips,248,false,false,false,
GBPJPY,london,2026-03-06T03:00:00.000000+0000,2026-03-06T10:00:00.000000+0000,2026-03-06T10:00:00.000000+0000,session_optimizer_new_york_gbpjpy_medium,live_policy,medium,10000.0,3,0.0303,0.64479,0.02781,0.02781,3,basket_tp_pips,18,false,false,false,
GBPUSD,london,2026-03-06T03:00:00.000000+0000,2026-03-06T10:00:00.000000+0000,2026-03-06T10:00:00.000000+0000,session_optimizer_new_york_gbpusd_medium,live_policy,medium,10000.0,3,0.0305,0.945512,0.53235,0.2184,3,basket_tp_pips,114,false,false,false,
NZDUSD,london,2026-03-06T03:00:00.000000+0000,2026-03-06T10:00:00.000000+0000,2026-03-06T10:00:00.000000+0000,session_optimizer_new_york_nzdusd_medium,live_policy,medium,10000.0,1,0.01,0.52,0.585,0.585,1,basket_tp_pips,35,false,false,false,
EURJPY,london,2026-03-07T03:00:00.000000+0000,2026-03-07T10:00:00.000000+0000,2026-03-07T10:00:00.000000+0000,both_sides_normal,live_policy,medium,10000.0,0,0.0,0.0,0.0,0.0,0,no_bars,0,false,false,false,
GBPJPY,london,2026-03-07T03:00:00.000000+0000,2026-03-07T10:00:00.000000+0000,2026-03-07T10:00:00.000000+0000,session_optimizer_new_york_gbpjpy_medium,live_policy,medium,10000.0,0,0.0,0.0,0.0,0.0,0,no_bars,0,false,false,false,
GBPUSD,london,2026-03-07T03:00:00.000000+0000,2026-03-07T10:00:00.000000+0000,2026-03-07T10:00:00.000000+0000,session_optimizer_new_york_gbpusd_medium,live_policy,medium,10000.0,0,0.0,0.0,0.0,0.0,0,no_bars,0,false,false,false,
NZDUSD,london,2026-03-07T03:00:00.000000+0000,2026-03-07T10:00:00.000000+0000,2026-03-07T10:00:00.000000+0000,session_optimizer_new_york_nzdusd_medium,live_policy,medium,10000.0,0,0.0,0.0,0.0,0.0,0,no_bars,0,false,false,false,
EURJPY,london,2026-03-08T03:00:00.000000+0000,2026-03-08T10:00:00.000000+0000,2026-03-08T10:00:00.000000+0000,both_sides_normal,live_policy,medium,10000.0,0,0.0,0.0,0.0,0.0,0,no_bars,0,false,false,false,
GBPJPY,london,2026-03-08T03:00:00.000000+0000,2026-03-08T10:00:00.000000+0000,2026-03-08T10:00:00.000000+0000,session_optimizer_new_york_gbpjpy_medium,live_policy,medium,10000.0,0,0.0,0.0,0.0,0.0,0,no_bars,0,false,false,false,
GBPUSD,london,2026-03-08T03:00:00.000000+0000,2026-03-08T10:00:00.000000+0000,2026-03-08T10:00:00.000000+0000,session_optimizer_new_york_gbpusd_medium,live_policy,medium,10000.0,0,0.0,0.0,0.0,0.0,0,no_bars,0,false,false,false,
NZDUSD,london,2026-03-08T03:00:00.000000+0000,2026-03-08T10:00:00.000000+0000,2026-03-08T10:00:00.000000+0000,session_optimizer_new_york_nzdusd_medium,live_policy,medium,10000.0,0,0.0,0.0,0.0,0.0,0,no_bars,0,false,false,false,
EURJPY,london,2026-03-09T02:00:00.000000+0000,2026-03-09T10:00:00.000000+0000,2026-03-09T10:00:00.000000+0000,both_sides_normal,live_policy,medium,10000.0,5,0.06368,2.504403,2.811456,2.584656,5,basket_tp_pips,16,false,false,false,
GBPJPY,london,2026-03-09T02:00:00.000000+0000,2026-03-09T10:00:00.000000+0000,2026-03-09T10:00:00.000000+0000,session_optimizer_new_york_gbpjpy_medium,live_policy,medium,10000.0,6,0.063091,2.663183,4.373977,4.373977,6,basket_tp_pips,16,false,false,false,
GBPUSD,london,2026-03-09T02:00:00.000000+0000,2026-03-09T10:00:00.000000+0000,2026-03-09T10:00:00.000000+0000,session_optimizer_new_york_gbpusd_medium,live_policy,medium,10000.0,4,0.041525,1.924661,2.384655,2.330055,4,basket_tp_pips,18,false,false,false,
NZDUSD,london,2026-03-09T02:00:00.000000+0000,2026-03-09T10:00:00.000000+0000,2026-03-09T10:00:00.000000+0000,session_optimizer_new_york_nzdusd_medium,live_policy,medium,10000.0,4,0.043101,2.241252,7.247296,7.247296,4,basket_tp_pips,117,false,false,false,
EURJPY,london,2026-03-10T02:00:00.000000+0000,2026-03-10T10:00:00.000000+0000,2026-03-10T10:00:00.000000+0000,both_sides_normal,live_policy,medium,10000.0,4,0.0464,1.555675,0.8748,0.648,4,basket_tp_pips,46,false,false,false,
GBPJPY,london,2026-03-10T02:00:00.000000+0000,2026-03-10T10:00:00.000000+0000,2026-03-10T10:00:00.000000+0000,session_optimizer_new_york_gbpjpy_medium,live_policy,medium,10000.0,3,0.0303,0.64479,0.43569,0.40788,3,basket_tp_pips,51,false,false,false,
GBPUSD,london,2026-03-10T02:00:00.000000+0000,2026-03-10T10:00:00.000000+0000,2026-03-10T10:00:00.000000+0000,session_optimizer_new_york_gbpusd_medium,live_policy,medium,10000.0,3,0.0305,0.945512,0.1638,0.09555,3,basket_tp_pips,35,false,false,false,
NZDUSD,london,2026-03-10T02:00:00.000000+0000,2026-03-10T10:00:00.000000+0000,2026-03-10T10:00:00.000000+0000,session_optimizer_new_york_nzdusd_medium,live_policy,medium,10000.0,1,0.01,0.52,0.442,0.442,1,basket_tp_pips,4,false,false,false,
EURJPY,london,2026-03-11T02:00:00.000000+0000,2026-03-11T10:00:00.000000+0000,2026-03-11T10:00:00.000000+0000,both_sides_normal,live_policy,medium,10000.0,3,0.032,0.726545,0.0972,0.0972,3,basket_tp_pips,78,false,false,false,
GBPJPY,london,2026-03-11T02:00:00.000000+0000,2026-03-11T10:00:00.000000+0000,2026-03-11T10:00:00.000000+0000,session_optimizer_new_york_gbpjpy_medium,live_policy,medium,10000.0,3,0.0303,0.64479,0.04635,0.04635,3,basket_tp_pips,17,false,false,false,
GBPUSD,london,2026-03-11T02:00:00.000000+0000,2026-03-11T10:00:00.000000+0000,2026-03-11T10:00:00.000000+0000,session_optimizer_new_york_gbpusd_medium,live_policy,medium,10000.0,3,0.0305,0.945512,0.1365,0.0546,3,basket_tp_pips,23,false,false,false,
NZDUSD,london,2026-03-11T02:00:00.000000+0000,2026-03-11T10:00:00.000000+0000,2026-03-11T10:00:00.000000+0000,session_optimizer_new_york_nzdusd_medium,live_policy,medium,10000.0,1,0.01,0.52,0.156,0.156,1,basket_tp_pips,3,false,false,false,
EURJPY,london,2026-03-12T02:00:00.000000+0000,2026-03-12T10:00:00.000000+0000,2026-03-12T10:00:00.000000+0000,both_sides_normal,live_policy,medium,10000.0,3,0.032,0.726545,0.3456,0.0864,3,basket_tp_pips,21,false,false,false,
GBPJPY,london,2026-03-12T02:00:00.000000+0000,2026-03-12T10:00:00.000000+0000,2026-03-12T10:00:00.000000+0000,session_optimizer_new_york_gbpjpy_medium,live_policy,medium,10000.0,3,0.0303,0.64479,0.3708,0.2781,3,basket_tp_pips,15,false,false,false,
GBPUSD,london,2026-03-12T02:00:00.000000+0000,2026-03-12T10:00:00.000000+0000,2026-03-12T10:00:00.000000+0000,session_optimizer_new_york_gbpusd_medium,live_policy,medium,10000.0,6,0.065256,3.989341,7.550806,7.550806,6,basket_tp_pips,278,false,false,false,
NZDUSD,london,2026-03-12T02:00:00.000000+0000,2026-03-12T10:00:00.000000+0000,2026-03-12T10:00:00.000000+0000,session_optimizer_new_york_nzdusd_medium,live_policy,medium,10000.0,1,0.01,0.52,0.351,0.351,1,basket_tp_pips,14,false,false,false,
EURJPY,london,2026-03-13T02:00:00.000000+0000,2026-03-13T10:00:00.000000+0000,2026-03-13T10:00:00.000000+0000,both_sides_normal,live_policy,medium,10000.0,3,0.032,0.726545,0.378,0.378,3,basket_tp_pips,53,false,false,false,
GBPJPY,london,2026-03-13T02:00:00.000000+0000,2026-03-13T10:00:00.000000+0000,2026-03-13T10:00:00.000000+0000,session_optimizer_new_york_gbpjpy_medium,live_policy,medium,10000.0,3,0.0303,0.64479,0.12051,0.12051,3,basket_tp_pips,22,false,false,false,
GBPUSD,london,2026-03-13T02:00:00.000000+0000,2026-03-13T10:00:00.000000+0000,2026-03-13T10:00:00.000000+0000,session_optimizer_new_york_gbpusd_medium,live_policy,medium,10000.0,3,0.0305,0.945512,0.0,0.0,3,basket_tp_pips,15,false,false,false,
NZDUSD,london,2026-03-13T02:00:00.000000+0000,2026-03-13T10:00:00.000000+0000,2026-03-13T10:00:00.000000+0000,session_optimizer_new_york_nzdusd_medium,live_policy,medium,10000.0,1,0.01,0.52,0.676,0.676,1,basket_tp_pips,17,false,false,false,
EURJPY,london,2026-03-14T02:00:00.000000+0000,2026-03-14T10:00:00.000000+0000,2026-03-14T10:00:00.000000+0000,both_sides_normal,live_policy,medium,10000.0,0,0.0,0.0,0.0,0.0,0,no_bars,0,false,false,false,
GBPJPY,london,2026-03-14T02:00:00.000000+0000,2026-03-14T10:00:00.000000+0000,2026-03-14T10:00:00.000000+0000,session_optimizer_new_york_gbpjpy_medium,live_policy,medium,10000.0,0,0.0,0.0,0.0,0.0,0,no_bars,0,false,false,false,
GBPUSD,london,2026-03-14T02:00:00.000000+0000,2026-03-14T10:00:00.000000+0000,2026-03-14T10:00:00.000000+0000,session_optimizer_new_york_gbpusd_medium,live_policy,medium,10000.0,0,0.0,0.0,0.0,0.0,0,no_bars,0,false,false,false,
NZDUSD,london,2026-03-14T02:00:00.000000+0000,2026-03-14T10:00:00.000000+0000,2026-03-14T10:00:00.000000+0000,session_optimizer_new_york_nzdusd_medium,live_policy,medium,10000.0,0,0.0,0.0,0.0,0.0,0,no_bars,0,false,false,false,
EURJPY,london,2026-03-15T02:00:00.000000+0000,2026-03-15T10:00:00.000000+0000,2026-03-15T10:00:00.000000+0000,both_sides_normal,live_policy,medium,10000.0,0,0.0,0.0,0.0,0.0,0,no_bars,0,false,false,false,
GBPJPY,london,2026-03-15T02:00:00.000000+0000,2026-03-15T10:00:00.000000+0000,2026-03-15T10:00:00.000000+0000,session_optimizer_new_york_gbpjpy_medium,live_policy,medium,10000.0,0,0.0,0.0,0.0,0.0,0,no_bars,0,false,false,false,
GBPUSD,london,2026-03-15T02:00:00.000000+0000,2026-03-15T10:00:00.000000+0000,2026-03-15T10:00:00.000000+0000,session_optimizer_new_york_gbpusd_medium,live_policy,medium,10000.0,0,0.0,0.0,0.0,0.0,0,no_bars,0,false,false,false,
NZDUSD,london,2026-03-15T02:00:00.000000+0000,2026-03-15T10:00:00.000000+0000,2026-03-15T10:00:00.000000+0000,session_optimizer_new_york_nzdusd_medium,live_policy,medium,10000.0,0,0.0,0.0,0.0,0.0,0,no_bars,0,false,false,false,
EURJPY,london,2026-03-16T02:00:00.000000+0000,2026-03-16T10:00:00.000000+0000,2026-03-16T10:00:00.000000+0000,both_sides_normal,live_policy,medium,10000.0,5,0.06368,2.504403,3.813264,3.292272,5,basket_tp_pips,173,false,false,false,
GBPJPY,london,2026-03-16T02:00:00.000000+0000,2026-03-16T10:00:00.000000+0000,2026-03-16T10:00:00.000000+0000,session_optimizer_new_york_gbpjpy_medium,live_policy,medium,10000.0,5,0.051836,1.976038,2.779283,2.430248,5,basket_tp_pips,177,false,false,false,
GBPUSD,london,2026-03-16T02:00:00.000000+0000,2026-03-16T10:00:00.000000+0000,2026-03-16T10:00:00.000000+0000,session_optimizer_new_york_gbpusd_medium,live_policy,medium,10000.0,3,0.0305,0.945512,0.819,0.4095,3,basket_tp_pips,70,false,false,false,
NZDUSD,london,2026-03-16T02:00:00.000000+0000,2026-03-16T10:00:00.000000+0000,2026-03-16T10:00:00.000000+0000,session_optimizer_new_york_nzdusd_medium,live_policy,medium,10000.0,1,0.01,0.52,0.078,0.078,1,basket_tp_pips,2,false,false,false,
EURJPY,london,2026-03-17T02:00:00.000000+0000,2026-03-17T10:00:00.000000+0000,2026-03-17T10:00:00.000000+0000,both_sides_normal,live_policy,medium,10000.0,3,0.032,0.726545,0.2052,0.0,3,basket_tp_pips,30,false,false,false,
GBPJPY,london,2026-03-17T02:00:00.000000+0000,2026-03-17T10:00:00.000000+0000,2026-03-17T10:00:00.000000+0000,session_optimizer_new_york_gbpjpy_medium,live_policy,medium,10000.0,3,0.0303,0.64479,0.02781,0.02781,3,basket_tp_pips,28,false,false,false,
GBPUSD,london,2026-03-17T02:00:00.000000+0000,2026-03-17T10:00:00.000000+0000,2026-03-17T10:00:00.000000+0000,session_optimizer_new_york_gbpusd_medium,live_policy,medium,10000.0,3,0.0305,0.945512,0.4368,0.2457,3,basket_tp_pips,106,false,false,false,
NZDUSD,london,2026-03-17T02:00:00.000000+0000,2026-03-17T10:00:00.000000+0000,2026-03-17T10:00:00.000000+0000,session_optimizer_new_york_nzdusd_medium,live_policy,medium,10000.0,1,0.01,0.52,0.065,0.065,1,basket_tp_pips,2,false,false,false,
EURJPY,london,2026-03-18T02:00:00.000000+0000,2026-03-18T10:00:00.000000+0000,2026-03-18T10:00:00.000000+0000,both_sides_normal,live_policy,medium,10000.0,4,0.0464,1.555675,2.051151,2.051151,4,basket_tp_pips,106,false,false,false,
GBPJPY,london,2026-03-18T02:00:00.000000+0000,2026-03-18T10:00:00.000000+0000,2026-03-18T10:00:00.000000+0000,session_optimizer_new_york_gbpjpy_medium,live_policy,medium,10000.0,3,0.0303,0.64479,0.05562,0.05562,3,basket_tp_pips,9,false,false,false,
GBPUSD,london,2026-03-18T02:00:00.000000+0000,2026-03-18T10:00:00.000000+0000,2026-03-18T10:00:00.000000+0000,session_optimizer_new_york_gbpusd_medium,live_policy,medium,10000.0,5,0.053101,2.938784,4.133139,4.133139,5,basket_tp_pips,332,false,false,false,
NZDUSD,london,2026-03-18T02:00:00.000000+0000,2026-03-18T10:00:00.000000+0000,2026-03-18T10:00:00.000000+0000,session_optimizer_new_york_nzdusd_medium,live_policy,medium,10000.0,1,0.01,0.52,0.208,0.208,1,basket_tp_pips,4,false,false,false,
EURJPY,london,2026-03-19T02:00:00.000000+0000,2026-03-19T10:00:00.000000+0000,2026-03-19T10:00:00.000000+0000,both_sides_normal,live_policy,medium,10000.0,3,0.032,0.726545,0.1296,0.1296,3,basket_tp_pips,7,false,false,false,
GBPJPY,london,2026-03-19T02:00:00.000000+0000,2026-03-19T10:00:00.000000+0000,2026-03-19T10:00:00.000000+0000,session_optimizer_new_york_gbpjpy_medium,live_policy,medium,10000.0,6,0.062136,3.016279,0.928741,0.2781,6,basket_tp_pips,57,false,false,false,
GBPUSD,london,2026-03-19T02:00:00.000000+0000,2026-03-19T10:00:00.000000+0000,2026-03-19T10:00:00.000000+0000,session_optimizer_new_york_gbpusd_medium,live_policy,medium,10000.0,3,0.0305,0.945512,0.1092,0.1092,3,basket_tp_pips,7,false,false,false,
NZDUSD,london,2026-03-19T02:00:00.000000+0000,2026-03-19T10:00:00.000000+0000,2026-03-19T10:00:00.000000+0000,session_optimizer_new_york_nzdusd_medium,live_policy,medium,10000.0,1,0.01,0.52,0.039,0.039,1,basket_tp_pips,2,false,false,false,
EURJPY,london,2026-03-20T02:00:00.000000+0000,2026-03-20T10:00:00.000000+0000,2026-03-20T10:00:00.000000+0000,both_sides_normal,live_policy,medium,10000.0,6,0.084416,3.593102,5.35991,5.35991,6,basket_tp_pips,105,false,false,false,
GBPJPY,london,2026-03-20T02:00:00.000000+0000,2026-03-20T10:00:00.000000+0000,2026-03-20T10:00:00.000000+0000,session_optimizer_new_york_gbpjpy_medium,live_policy,medium,10000.0,6,0.063091,2.663183,3.720551,3.637121,6,basket_tp_pips,113,false,false,false,
GBPUSD,london,2026-03-20T02:00:00.000000+0000,2026-03-20T10:00:00.000000+0000,2026-03-20T10:00:00.000000+0000,session_optimizer_new_york_gbpusd_medium,live_policy,medium,10000.0,5,0.053101,2.938784,3.083738,2.756138,5,basket_tp_pips,250,false,false,false,
NZDUSD,london,2026-03-20T02:00:00.000000+0000,2026-03-20T10:00:00.000000+0000,2026-03-20T10:00:00.000000+0000,session_optimizer_new_york_nzdusd_medium,live_policy,medium,10000.0,1,0.01,0.52,0.234,0.234,1,basket_tp_pips,2,false,false,false,
EURJPY,london,2026-03-21T02:00:00.000000+0000,2026-03-21T10:00:00.000000+0000,2026-03-21T10:00:00.000000+0000,both_sides_normal,live_policy,medium,10000.0,0,0.0,0.0,0.0,0.0,0,no_bars,0,false,false,false,
GBPJPY,london,2026-03-21T02:00:00.000000+0000,2026-03-21T10:00:00.000000+0000,2026-03-21T10:00:00.000000+0000,session_optimizer_new_york_gbpjpy_medium,live_policy,medium,10000.0,0,0.0,0.0,0.0,0.0,0,no_bars,0,false,false,false,
GBPUSD,london,2026-03-21T02:00:00.000000+0000,2026-03-21T10:00:00.000000+0000,2026-03-21T10:00:00.000000+0000,session_optimizer_new_york_gbpusd_medium,live_policy,medium,10000.0,0,0.0,0.0,0.0,0.0,0,no_bars,0,false,false,false,
NZDUSD,london,2026-03-21T02:00:00.000000+0000,2026-03-21T10:00:00.000000+0000,2026-03-21T10:00:00.000000+0000,session_optimizer_new_york_nzdusd_medium,live_policy,medium,10000.0,0,0.0,0.0,0.0,0.0,0,no_bars,0,false,false,false,
EURJPY,london,2026-03-22T02:00:00.000000+0000,2026-03-22T10:00:00.000000+0000,2026-03-22T10:00:00.000000+0000,both_sides_normal,live_policy,medium,10000.0,0,0.0,0.0,0.0,0.0,0,no_bars,0,false,false,false,
GBPJPY,london,2026-03-22T02:00:00.000000+0000,2026-03-22T10:00:00.000000+0000,2026-03-22T10:00:00.000000+0000,session_optimizer_new_york_gbpjpy_medium,live_policy,medium,10000.0,0,0.0,0.0,0.0,0.0,0,no_bars,0,false,false,false,
GBPUSD,london,2026-03-22T02:00:00.000000+0000,2026-03-22T10:00:00.000000+0000,2026-03-22T10:00:00.000000+0000,session_optimizer_new_york_gbpusd_medium,live_policy,medium,10000.0,0,0.0,0.0,0.0,0.0,0,no_bars,0,false,false,false,
NZDUSD,london,2026-03-22T02:00:00.000000+0000,2026-03-22T10:00:00.000000+0000,2026-03-22T10:00:00.000000+0000,session_optimizer_new_york_nzdusd_medium,live_policy,medium,10000.0,0,0.0,0.0,0.0,0.0,0,no_bars,0,false,false,false,
EURJPY,london,2026-03-23T02:00:00.000000+0000,2026-03-23T10:00:00.000000+0000,2026-03-23T10:00:00.000000+0000,both_sides_normal,live_policy,medium,10000.0,4,0.0464,1.555675,1.26576,1.26576,4,basket_tp_pips,21,false,false,false,
GBPJPY,london,2026-03-23T02:00:00.000000+0000,2026-03-23T10:00:00.000000+0000,2026-03-23T10:00:00.000000+0000,session_optimizer_new_york_gbpjpy_medium,live_policy,medium,10000.0,3,0.0303,0.64479,0.08343,0.08343,3,basket_tp_pips,9,false,false,false,
GBPUSD,london,2026-03-23T02:00:00.000000+0000,2026-03-23T10:00:00.000000+0000,2026-03-23T10:00:00.000000+0000,session_optimizer_new_york_gbpusd_medium,live_policy,medium,10000.0,3,0.0305,0.945512,0.36855,0.2184,3,basket_tp_pips,13,false,false,false,
NZDUSD,london,2026-03-23T02:00:00.000000+0000,2026-03-23T10:00:00.000000+0000,2026-03-23T10:00:00.000000+0000,session_optimizer_new_york_nzdusd_medium,live_policy,medium,10000.0,1,0.01,0.52,0.455,0.455,1,basket_tp_pips,14,false,false,false,
EURJPY,london,2026-03-24T02:00:00.000000+0000,2026-03-24T10:00:00.000000+0000,2026-03-24T10:00:00.000000+0000,both_sides_normal,live_policy,medium,10000.0,3,0.032,0.726545,0.3456,0.3456,3,basket_tp_pips,9,false,false,false,
GBPJPY,london,2026-03-24T02:00:00.000000+0000,2026-03-24T10:00:00.000000+0000,2026-03-24T10:00:00.000000+0000,session_optimizer_new_york_gbpjpy_medium,live_policy,medium,10000.0,3,0.0303,0.64479,0.438784,0.429514,3,basket_tp_pips,9,false,false,false,
GBPUSD,london,2026-03-24T02:00:00.000000+0000,2026-03-24T10:00:00.000000+0000,2026-03-24T10:00:00.000000+0000,session_optimizer_new_york_gbpusd_medium,live_policy,medium,10000.0,4,0.041525,1.924661,2.182635,1.630493,4,basket_tp_pips,93,false,false,false,
NZDUSD,london,2026-03-24T02:00:00.000000+0000,2026-03-24T10:00:00.000000+0000,2026-03-24T10:00:00.000000+0000,session_optimizer_new_york_nzdusd_medium,live_policy,medium,10000.0,1,0.01,0.52,0.559,0.559,1,basket_tp_pips,12,false,false,false,
EURJPY,london,2026-03-25T02:00:00.000000+0000,2026-03-25T10:00:00.000000+0000,2026-03-25T10:00:00.000000+0000,both_sides_normal,live_policy,medium,10000.0,3,0.032,0.726545,0.54,0.5184,3,basket_tp_pips,35,false,false,false,
GBPJPY,london,2026-03-25T02:00:00.000000+0000,2026-03-25T10:00:00.000000+0000,2026-03-25T10:00:00.000000+0000,session_optimizer_new_york_gbpjpy_medium,live_policy,medium,10000.0,4,0.040909,1.303364,0.782017,0.782017,4,basket_tp_pips,22,false,false,false,
GBPUSD,london,2026-03-25T02:00:00.000000+0000,2026-03-25T10:00:00.000000+0000,2026-03-25T10:00:00.000000+0000,session_optimizer_new_york_gbpusd_medium,live_policy,medium,10000.0,9,0.105491,7.374818,19.868254,19.484006,9,basket_tp_pips,321,false,false,false,
NZDUSD,london,2026-03-25T02:00:00.000000+0000,2026-03-25T10:00:00.000000+0000,2026-03-25T10:00:00.000000+0000,session_optimizer_new_york_nzdusd_medium,live_policy,medium,10000.0,1,0.01,0.52,0.156,0.156,1,basket_tp_pips,2,false,false,false,
EURJPY,london,2026-03-26T02:00:00.000000+0000,2026-03-26T10:00:00.000000+0000,2026-03-26T10:00:00.000000+0000,both_sides_normal,live_policy,medium,10000.0,4,0.0464,1.555675,0.85968,0.83808,4,basket_tp_pips,52,false,false,false,
GBPJPY,london,2026-03-26T02:00:00.000000+0000,2026-03-26T10:00:00.000000+0000,2026-03-26T10:00:00.000000+0000,session_optimizer_new_york_gbpjpy_medium,live_policy,medium,10000.0,5,0.051836,1.976038,1.919711,1.828548,5,basket_tp_pips,88,false,false,false,
GBPUSD,london,2026-03-26T02:00:00.000000+0000,2026-03-26T10:00:00.000000+0000,2026-03-26T10:00:00.000000+0000,session_optimizer_new_york_gbpusd_medium,live_policy,medium,10000.0,4,0.041525,1.924661,1.574528,1.574528,4,basket_tp_pips,86,false,false,false,
NZDUSD,london,2026-03-26T02:00:00.000000+0000,2026-03-26T10:00:00.000000+0000,2026-03-26T10:00:00.000000+0000,session_optimizer_new_york_nzdusd_medium,live_policy,medium,10000.0,1,0.01,0.52,0.143,0.143,1,basket_tp_pips,10,false,false,false,
EURJPY,london,2026-03-27T02:00:00.000000+0000,2026-03-27T10:00:00.000000+0000,2026-03-27T10:00:00.000000+0000,both_sides_normal,live_policy,medium,10000.0,3,0.032,0.726545,0.5076,0.5076,3,basket_tp_pips,50,false,false,false,
GBPJPY,london,2026-03-27T02:00:00.000000+0000,2026-03-27T10:00:00.000000+0000,2026-03-27T10:00:00.000000+0000,session_optimizer_new_york_gbpjpy_medium,live_policy,medium,10000.0,3,0.0303,0.64479,0.44496,0.44496,3,basket_tp_pips,50,false,false,false,
GBPUSD,london,2026-03-27T02:00:00.000000+0000,2026-03-27T10:00:00.000000+0000,2026-03-27T10:00:00.000000+0000,session_optimizer_new_york_gbpusd_medium,live_policy,medium,10000.0,3,0.0305,0.945512,0.1365,0.1365,3,basket_tp_pips,36,false,false,false,
NZDUSD,london,2026-03-27T02:00:00.000000+0000,2026-03-27T10:00:00.000000+0000,2026-03-27T10:00:00.000000+0000,session_optimizer_new_york_nzdusd_medium,live_policy,medium,10000.0,1,0.01,0.52,0.299,0.299,1,basket_tp_pips,8,false,false,false,
EURJPY,london,2026-03-28T02:00:00.000000+0000,2026-03-28T10:00:00.000000+0000,2026-03-28T10:00:00.000000+0000,both_sides_normal,live_policy,medium,10000.0,0,0.0,0.0,0.0,0.0,0,no_bars,0,false,false,false,
GBPJPY,london,2026-03-28T02:00:00.000000+0000,2026-03-28T10:00:00.000000+0000,2026-03-28T10:00:00.000000+0000,session_optimizer_new_york_gbpjpy_medium,live_policy,medium,10000.0,0,0.0,0.0,0.0,0.0,0,no_bars,0,false,false,false,
GBPUSD,london,2026-03-28T02:00:00.000000+0000,2026-03-28T10:00:00.000000+0000,2026-03-28T10:00:00.000000+0000,session_optimizer_new_york_gbpusd_medium,live_policy,medium,10000.0,0,0.0,0.0,0.0,0.0,0,no_bars,0,false,false,false,
NZDUSD,london,2026-03-28T02:00:00.000000+0000,2026-03-28T10:00:00.000000+0000,2026-03-28T10:00:00.000000+0000,session_optimizer_new_york_nzdusd_medium,live_policy,medium,10000.0,0,0.0,0.0,0.0,0.0,0,no_bars,0,false,false,false,
EURJPY,london,2026-03-29T02:00:00.000000+0000,2026-03-29T10:00:00.000000+0000,2026-03-29T10:00:00.000000+0000,both_sides_normal,live_policy,medium,10000.0,0,0.0,0.0,0.0,0.0,0,no_bars,0,false,false,false,
GBPJPY,london,2026-03-29T02:00:00.000000+0000,2026-03-29T10:00:00.000000+0000,2026-03-29T10:00:00.000000+0000,session_optimizer_new_york_gbpjpy_medium,live_policy,medium,10000.0,0,0.0,0.0,0.0,0.0,0,no_bars,0,false,false,false,
GBPUSD,london,2026-03-29T02:00:00.000000+0000,2026-03-29T10:00:00.000000+0000,2026-03-29T10:00:00.000000+0000,session_optimizer_new_york_gbpusd_medium,live_policy,medium,10000.0,0,0.0,0.0,0.0,0.0,0,no_bars,0,false,false,false,
NZDUSD,london,2026-03-29T02:00:00.000000+0000,2026-03-29T10:00:00.000000+0000,2026-03-29T10:00:00.000000+0000,session_optimizer_new_york_nzdusd_medium,live_policy,medium,10000.0,0,0.0,0.0,0.0,0.0,0,no_bars,0,false,false,false,
EURJPY,london,2026-03-30T02:00:00.000000+0000,2026-03-30T10:00:00.000000+0000,2026-03-30T10:00:00.000000+0000,both_sides_normal,live_policy,medium,10000.0,3,0.032,0.726545,0.054,0.054,3,basket_tp_pips,15,false,false,false,
GBPJPY,london,2026-03-30T02:00:00.000000+0000,2026-03-30T10:00:00.000000+0000,2026-03-30T10:00:00.000000+0000,session_optimizer_new_york_gbpjpy_medium,live_policy,medium,10000.0,4,0.040909,1.303364,1.421833,1.421833,4,basket_tp_pips,45,false,false,false,
GBPUSD,london,2026-03-30T02:00:00.000000+0000,2026-03-30T10:00:00.000000+0000,2026-03-30T10:00:00.000000+0000,session_optimizer_new_york_gbpusd_medium,live_policy,medium,10000.0,7,0.078019,5.077826,10.888184,10.419989,7,basket_tp_pips,302,false,false,false,
NZDUSD,london,2026-03-30T02:00:00.000000+0000,2026-03-30T10:00:00.000000+0000,2026-03-30T10:00:00.000000+0000,session_optimizer_new_york_nzdusd_medium,live_policy,medium,10000.0,1,0.01,0.52,0.221,0.221,1,basket_tp_pips,2,false,false,false,
EURJPY,london,2026-03-31T02:00:00.000000+0000,2026-03-31T10:00:00.000000+0000,2026-03-31T10:00:00.000000+0000,both_sides_normal,live_policy,medium,10000.0,10,0.217989,9.915935,33.708903,33.417303,10,basket_tp_pips,214,false,false,false,
GBPJPY,london,2026-03-31T02:00:00.000000+0000,2026-03-31T10:00:00.000000+0000,2026-03-31T10:00:00.000000+0000,session_optimizer_new_york_gbpjpy_medium,live_policy,medium,10000.0,3,0.0303,0.64479,0.26883,0.26883,3,basket_tp_pips,7,false,false,false,
GBPUSD,london,2026-03-31T02:00:00.000000+0000,2026-03-31T10:00:00.000000+0000,2026-03-31T10:00:00.000000+0000,session_optimizer_new_york_gbpusd_medium,live_policy,medium,10000.0,5,0.053101,2.938784,2.947238,2.756138,5,basket_tp_pips,215,false,false,false,
NZDUSD,london,2026-03-31T02:00:00.000000+0000,2026-03-31T10:00:00.000000+0000,2026-03-31T10:00:00.000000+0000,session_optimizer_new_york_nzdusd_medium,live_policy,medium,10000.0,1,0.01,0.52,0.052,0.052,1,basket_tp_pips,2,false,false,false,
EURJPY,london,2026-04-01T02:00:00.000000+0000,2026-04-01T10:00:00.000000+0000,2026-04-01T10:00:00.000000+0000,both_sides_normal,live_policy,medium,10000.0,0,0.0,0.0,0.0,0.0,0,no_bars,0,false,false,false,
GBPJPY,london,2026-04-01T02:00:00.000000+0000,2026-04-01T10:00:00.000000+0000,2026-04-01T10:00:00.000000+0000,session_optimizer_new_york_gbpjpy_medium,live_policy,medium,10000.0,0,0.0,0.0,0.0,0.0,0,no_bars,0,false,false,false,
GBPUSD,london,2026-04-01T02:00:00.000000+0000,2026-04-01T10:00:00.000000+0000,2026-04-01T10:00:00.000000+0000,session_optimizer_new_york_gbpusd_medium,live_policy,medium,10000.0,0,0.0,0.0,0.0,0.0,0,no_bars,0,false,false,false,
NZDUSD,london,2026-04-01T02:00:00.000000+0000,2026-04-01T10:00:00.000000+0000,2026-04-01T10:00:00.000000+0000,session_optimizer_new_york_nzdusd_medium,live_policy,medium,10000.0,0,0.0,0.0,0.0,0.0,0,no_bars,0,false,false,false,
